10.993200
15.902879
18.232207
20.187157
21.430621
22.713571
24.045764
25.494550
26.543686
27.375193
28.286621
29.232436
30.257686
31.311521
32.221893
33.194714
34.169143
34.893036
35.393486
35.964472
36.609872
37.300628
37.508386
38.212743
38.129371
38.095714
38.376457
38.481914
38.564871
38.498771
38.543786
38.565086
37.241343
36.677500
36.344929
35.690943
34.708300
34.159000
33.138650
31.641100
30.322408
29.168779
28.021093
26.861172
25.051150
23.117114
21.404229
20.138071
18.576329
17.018679
15.488707
14.255450
12.807793
11.244593
10.050414
8.863979
7.717007
6.687779
5.827350
4.921657
4.203193
3.516779
2.932181
2.399833
2.015473
1.606060
1.341146
1.051479
0.833683
0.612438
0.470934
0.346807
0.244458
0.173104
0.131229
0.094029
0.081203
0.045687
0.025972
0.020029
0.009143
0.012972
0.005343
0.005857
0.002743
0.002971
0.001514
0.000457
0.001143
0.000514
0.000029
0.000000
0.000000
0.000000
0.000000
0.000000
0.000000
0.000000
0.000000
0.000000
