1.0599E-05
1.0599E-05
2.1680E-05
3.0352E-05
3.3725E-05
3.9506E-05
5.0105E-05
6.0704E-05
7.9493E-05
9.4429E-05
9.9246E-05
9.6838E-05
1.1466E-04
1.2623E-04
1.4309E-04
1.5369E-04
1.6236E-04
1.8260E-04
1.9368E-04
2.1921E-04
2.2788E-04
2.6546E-04
2.6932E-04
3.0545E-04
3.1557E-04
3.5603E-04
3.8494E-04
3.9554E-04
4.0903E-04
4.2926E-04
4.4998E-04
4.9719E-04
5.1598E-04
5.4537E-04
5.7331E-04
5.8632E-04
6.3980E-04
6.6485E-04
6.7208E-04
7.1158E-04
7.2507E-04
7.1351E-04
7.1495E-04
7.9541E-04
7.8433E-04
8.0119E-04
7.7277E-04
8.0986E-04
8.4070E-04
8.3492E-04
8.1757E-04
7.8722E-04
7.6891E-04
7.8433E-04
7.7566E-04
7.6988E-04
7.1592E-04
6.9665E-04
6.7593E-04
6.7111E-04
6.3113E-04
6.1234E-04
5.7669E-04
5.4585E-04
4.7985E-04
4.6347E-04
4.1818E-04
3.9313E-04
3.5844E-04
3.2424E-04
2.7269E-04
2.7510E-04
2.3607E-04
2.0379E-04
1.9705E-04
1.6091E-04
1.3249E-04
1.1322E-04
9.5874E-05
7.6603E-05
7.1785E-05
6.1186E-05
4.6251E-05
3.0834E-05
3.4688E-05
2.5534E-05
1.8308E-05
1.6380E-05
1.1563E-05
8.6720E-06
5.2996E-06
3.3725E-06
3.8542E-06
2.4089E-06
3.3725E-06
2.8907E-06
1.9271E-06
0.0000E+00
9.6356E-07
4.8178E-07
