11.067647
16.008163
17.987151
19.812383
20.971174
22.146922
23.393958
24.799376
25.795340
26.585408
27.421887
28.396060
29.307205
30.335658
31.212363
32.139016
33.168076
33.927691
34.431715
34.982143
35.626174
36.333927
36.470444
37.187248
37.092559
37.112547
37.396629
37.470517
37.562021
37.504985
37.564656
37.676615
36.311254
35.793229
35.521885
34.919766
33.816818
33.365350
32.253809
30.770702
29.494252
28.403830
27.294176
26.152893
24.420966
22.510334
20.891094
19.630450
18.133234
16.651236
15.180183
13.994627
12.556488
11.050624
9.879625
8.696387
7.556255
6.551780
5.728943
4.819943
4.139543
3.453826
2.870451
2.354320
1.986238
1.561796
1.325080
1.026174
0.827536
0.588531
0.462957
0.337157
0.236723
0.172395
0.131888
0.094859
0.078258
0.042772
0.025743
0.018543
0.009400
0.014171
0.004343
0.005829
0.002057
0.002857
0.001400
0.000629
0.001314
0.000486
0.000000
0.000000
0.000000
0.000000
0.000000
0.000000
0.000000
0.000000
0.000000
0.000000
