-38.828733
-5.438109
-16.102747
-3.945393
-16.467296
-74.628680
-3.195783
-74.204873
-10.202481
-56.690442
-70.333016
-27.852900
-42.896978
-7.411009
-8.125977
-43.614438
-16.426801
-69.854677
-4.462380
-36.672307
-3.359009
-33.041293
-69.411135
-4.908701
-5.098073
-10.934830
-57.574491
-28.840167
-69.356321
-66.611110
-66.958322
-55.479410
-3.185093
-58.878459
-3.737195
-5.453155
-2.351456
-3.105555
-7.352146
-32.523708
-11.360949
-16.144413
-4.963488
-7.841193
-34.366213
-4.183311
-3.611236
-4.010996
-54.744788
-8.043726
-14.399299
-13.099494
-3.928417
-4.780192
-48.741361
-49.284138
-16.789403
-4.167761
-3.173110
-80.810060
-55.279980
-25.400579
-2.320311
-13.613068
-3.264136
-3.992377
-27.362224
-66.532370
-59.095417
-33.891416
-44.114819
-10.070714
-3.988294
-72.358732
-50.212262
-76.792667
-5.666133
-11.714291
-6.467499
-10.339728
-42.669418
-5.498625
-5.472365
-8.935129
-6.581397
-59.282308
-8.319620
-67.685149
-10.955349
-2.722745
-27.894741
-6.847611
-45.652092
-3.730147
-32.123034
-5.451086
-4.167355
-3.556842
-31.521205
-4.089369
-12.348215
-3.074199
-2.799104
-26.610635
-8.322009
-6.577059
-3.650165
-14.202504
-4.852655
-73.321189
-68.593387
-6.036690
-12.423892
-72.278691
-28.346286
-23.238927
-39.501253
-6.617678
-73.846424
-80.740245
-41.904363
-20.935644
-12.558320
-70.150268
-69.559000
-74.167599
-5.607142
-57.492493
-19.722005
-5.385719
-3.659063
-55.955211
-70.803410
-43.041956
-6.213773
-9.945390
-5.099783
-3.735178
-4.194865
-11.301375
-3.323725
-6.716705
-4.876342
-4.180414
-6.949066
-3.398893
-4.863233
-54.539933
-10.220073
-4.881780
-67.226844
-12.044251
-26.851443
-39.478719
-4.783085
-69.250253
-5.681496
-29.524884
-48.895358
-3.032940
-33.467114
-51.029587
-4.780548
-5.083638
-4.672850
-49.173676
-7.114402
-72.518471
-27.216412
-70.429925
-34.427788
-20.270916
-3.717073
-45.652382
-3.190683
-4.516006
-7.477454
-3.698188
-3.814577
-5.367674
-6.858792
-16.503733
-5.121596
-3.578002
-6.395063
-10.753927
-11.525305
-63.129281
-48.987679
-20.856965
-6.869147
-70.333522
-4.463383
-4.110131
-8.210333
-7.541501
-24.936311
-58.113453
-60.385313
-71.593819
-3.590333
-2.749161
-21.456557
-67.872274
-6.852823
-50.713511
-4.907500
-8.688755
-10.850809
-53.268989
-2.165872
-6.549884
-5.451632
-6.787796
-9.807426
-39.649604
-72.191391
-60.496155
-65.945878
-5.492966
-15.103909
-36.410103
-55.708570
-7.470925
-39.709431
-66.719114
-4.483694
-13.160516
-4.395171
-82.626157
-50.156414
-11.865296
-64.576421
-17.257490
-20.005925
-55.474561
-55.023643
-4.743437
-2.961876
-4.276723
-5.032644
-5.576499
-76.258800
-13.603975
-34.354968
-3.436852
-5.535546
-13.993692
-3.888944
-78.929776
-48.595417
-67.907395
-5.685575
-4.391542
-5.325823
-5.519048
-2.516105
-5.239491
-42.888497
-6.680837
-70.888197
-6.490689
-4.727220
-67.377296
-30.337418
-6.157978
-67.469783
-58.374784
-3.907842
-5.280175
-12.933348
-4.698770
-3.040400
-8.506946
-13.835057
-38.734441
-34.607725
-5.827033
-3.285205
-68.299426
-5.331067
-52.677517
-11.647097
-28.857608
-13.616225
-4.665162
-74.050082
-7.668491
-4.825807
-55.971985
-5.959750
-52.660869
-53.535014
-29.464776
-58.412900
-46.846903
-7.016029
-3.497248
-3.986902
-72.922588
-74.975097
-16.612673
-3.413679
-4.504156
-6.396459
-3.965947
-75.797606
-17.562385
-11.532189
-5.653377
-6.963752
-5.519430
-22.562951
-4.952537
-27.061915
-3.902111
-28.799936
-9.120765
-2.960413
-46.225500
-64.775637
-57.582502
-3.646307
-39.726109
-24.718343
-50.673761
-33.016667
-5.091333
-65.121970
-70.956406
-11.534391
-70.613639
-31.951224
-41.180963
-8.507926
-2.293617
-5.288778
-35.393376
-8.143819
-18.382616
