 31646751.362
 12888710.9628866
 3798.89942940132
 1413286.43246837
 1057.33779110438
 472183.99017758
 184.013282537997
 219900.989567609
 2392.46096835971
 134653.388407188
 2675.3378514141
 106279.193947926
 2398.51843428428
 89056.5716883443
 2027.68504086002
 74360.4149495895
 3967.53604930207
 34207.2007145789
 2571.08194002058
 46535.9264325723
 612.535981028246
 44981.8958082389
 1093.77530376738
 26707.2772223434
 4479.13570260959
 25635.4934391782
 1056.52776866363
 31729.4632664145
 1876.86475743088
 22436.2563284843
 862.334519075988
 23106.75613544
 3091.84757143809
 4638.12819952529
 867.032247545314
 15782.8377821847
 556.513180677113
 7729.40711248586
 64.9376195637117
 7188.25049915838
 161.388214686767
 10339.3914355831
 599.236548137511
 2848.21584333511
 1652.05209310658
 7814.74513558011
 1923.11915659481
 12621.0560968576
 2497.40128869503
 8719.3248497436
 142.570740224457
 12541.3205249197
 1090.08990986774
 6139.63095686713
 601.158429678589
 4283.70452981939
 422.645708732858
 5233.16668320251
 483.674838172039
 2357.39831271254
 105.975466002319
 3252.72869239111
 575.585008193995
 7345.73112356859
 2225.38090613359
 258.965140264263
 2230.6493335398
 5976.28394955199
 1496.9436599598
 3024.86869836677
 352.743765272336
 4532.41946151727
 22.0015004390427
 7115.02802530952
 1615.52549810452
 1573.45619815892
 2364.63252479875
 8365.51391471082
 4746.50957114632
 114.67161556534
 4.53749244661596
 967.084264867624
 390.739172887643
 738.274080922931
 1760.26329282345
 2118.85430461356
 969.72817478962
 2055.30638470723
 6495.92143182759
 3599.39410154368
 559.829902593153
 1283.97621964267
 3787.42476735406
 10420.8143890599
 259.326475104216
 8234.77186995668
 1454.05900623638
 8774.50454684107
 16525.234214981
 3104.4901705519
 2699.98625413468
 5825.34040319539
 86.3151139120613
 2446.2412564122
 210.919536726719
 5725.30888985843
 1279.92935309632
 693.857913045573
 3067.49109287635
 6778.69998988559
 687.472427535825
 2000.95536064784
 310.948522528743
 1253.50655489653
 217.705023306923
 3585.13394151682
 2152.48630179393
 748.808458213485
 2063.34900565788
 670.776824782096
 313.5612904924
 2189.1886254112
 923.779010685543
 410.315519105388
 30.7605412361992
 505.350852120269
 1010.38326453136
 2108.33638952681
 566.833355988743
 519.978583457754
 558.093061171885
 255.342632234049
 122.249760038455
 323.966766554623
 452.413475454456
 464.05467257123
 673.277269015946
 1195.34378801831
 203.987536606617
 1052.24740452529
 70.9157380953436
 415.76012254797
 435.106003759896
 613.4915818461
 1216.31586005204
 770.618618936398
 382.838256731742
 1160.69179644591
 283.553309869544
 3163.10165886711
 1262.35427982644
 92.6419848124501
 528.331390569618
 1097.45304929622
 98.885597613036
 31.5415698251305
 343.765808037219
 428.344195806141
 565.277532103406
 2232.14654508335
 135.938114695689
 899.153158314366
 50.1584441415211
 912.621482525126
 458.120239988669
 139.977015820695
 194.557715462397
 1334.33507406797
 440.759957839689
 519.372611230206
 525.171037327212
 127.064396909323
 71.7757391155041
 152.479704944164
 601.658210064205
 248.868604402596
 375.703976559628
 251.210461423249
 358.109205355199
 533.95154952937
 625.472162918187
 2059.50370673139
 312.281323196605
 246.332520358014
 18.6930916076481
 295.299128928358
 80.8093515444524
 107.297060902966
 144.688707946983
 226.377203661781
 263.240456131235
 281.756421274796
 748.922256667937
 2241.57608824536
 393.217483604538
 302.550352917294
 118.637780346888
 866.434472702648
 61.0954281408121
 767.899864696515
 85.0430159065362
 229.475534277021
 269.654518415894
 1027.48185805264
 161.476846072323
 476.833568255522
 812.628232837742
 657.493751750318
 15.0319646613037
 85.2604457709347
 276.768295266459
 908.750282932989
 215.994545284026
 447.871087538135
 57.5908239987021
 180.577353681167
 396.628231981029
 1074.55762685671
 23.8915107365007
 454.567754083679
 15.6710846468181
 527.479856110922
 861.377096978276
 468.247318544786
 107.805365691117
 268.422032317063
 283.299782986411
 569.785752724934
 50.9313242867835
 586.308814027297
 22.9182928209198
 30.4381502786627
 419.74984963177
 907.613469317238
 47.5203435011483
 411.019767380522
 179.971800080929
 1270.04569286024
 21.5899060255489
 997.813154947657
 169.535279224357
 340.008576604121
 26.5203453501108
 502.843245077775
 302.955625306088
 462.629324987389
 67.7876316281904
 170.03419148385
 13.154065654731
 740.932987454894
 341.185643941415
 42.968427973896
 57.1963202801044
 110.807000177826
 73.4907177752055
 360.970223322844
 24.1047775444004
 307.721850580247
 260.89569510024
 142.238237431523
 104.258704182754
 37.5996610063476
 169.992064243238
 584.024383442609
 854.026576019825
 636.912046319219
 99.2131121931824
 113.709094629271
 0.294117502680103
 51.2830491128282
 171.403027460394
 127.78022584457
 307.083058894367
 1070.31213897048
 321.447625583345
 19.8504942026976
 192.284518154121
 135.885058614798
 206.726644713963
 600.794556542835
 96.6513818808837
 117.164011783142
 60.8879152509888
 363.079122711794
 30.4062698999242
 54.0431346933925
 431.306589563868
 793.233683508941
 34.9048103036945
 230.066902846155
 94.943518576642
 296.438015212863
 196.875609819379
 1011.22220607298
 386.984226974875
 1.50185651731583
 15.1353514602574
 52.6548801935303
 33.7974819305722
 79.563178966061
 110.011864679814
 268.009982450651
 54.186585149866
 373.06043679381
 9.48888780139993
 556.953763467238
 664.477431675751
 793.539341479871
 43.4237972540298
 155.000836477984
 37.0868225681263
 231.072247540843
 5.25173181506937
 306.460474260088
 18.9021926584563
 195.634516252808
 139.291752010011
 143.284168902118
 231.916754691542
 578.29135517707
 84.4082109773292
 129.582600860773
 27.6147274495468
 100.278570050691
 2.05692423517057
 104.427052872186
 28.7205383182599
 218.4013490833
 391.610031360157
 717.663188730068
 91.089065202271
 322.996691409936
 166.82521071655
 244.954030218251
 212.790424437402
 25.8269434774269
 2.31252967048334
 11.7848196544372
 100.350241836162
 331.865484616429
 376.386475602276
 442.71735971079
 44.3332134507857
 136.23523256715
 169.072568479968
 137.041412535232
 63.6666586422095
 98.7797367592609
 406.337940382714
 432.10228763415
 313.471128768076
 239.102949097214
 142.072059187358
 368.871383351727
 219.878546621274
 231.32282740086
 88.7495472726945
 233.822785542124
 28.0816219271873
 234.140936396325
 17.7027598695027
 659.17268483965
 476.702820761231
 38.3356330904792
 150.762251340592
 307.746213575693
 141.175906567255
 256.746877032012
 46.3278936932566
 10.5970621680407
 54.8477089135027
 29.0932190428738
 144.738646766581
 123.887959038899
 76.5522007698496
 255.979697294403
 35.215360016765
 83.2052818221598
 40.8489474069012
 187.849582139264
 262.856429988
 354.967699475735
 4.04755667271837
 152.892140652823
 24.8974424568478
 43.954672147236
 106.456950095322
 235.750109635592
 4.55009223244364
 111.522992465278
 41.5353594195686
 173.077492703838
 88.4494064601299
 141.571388847579
 107.560745934748
 311.955744477437
 147.397985491043
 146.797840940742
 79.7485185860182
 372.583390439293
 54.056364291168
 268.285414678193
 16.6507135066196
 32.6152315895088
 244.244736468481
 478.096372372667
 7.35837277240747
 94.2735166298213
 15.7995487025049
 129.377668081247
 46.1607353566075
 354.688144366949
 49.8957369566792
 22.7366440581394
 219.361850273971
 288.656711257239
 115.424429497585
 592.576299585999
 26.5675685452194
 389.240820635141
 66.3656330318816
 330.745118306194
 62.5301641588826
 7.40079868377047
 159.346325164921
 515.33700535782
 20.5553470287703
 160.258139190125
 17.2868479102152
 359.919678505636
 111.924916143964
 586.190717352116
 64.1487308869921
 155.102243370405
 0.162097030171083
 262.216714556055
 58.8656657310271
 1098.50315214406
 656.933678437413
 1.96493249663409
 43.3873272882759
 41.6343375111151
 8.88012025869037
 339.945158055908
 167.5336489066
 142.880916323801
 49.4510276493114
 83.6551485499691
 31.0517547058235
 102.20534965649
 113.056961122641
 6.06243509667888
 18.978556055647
 157.922945695979
 47.8153147485979
 74.7318739691379
 15.4280627871386
 281.110915826997
 170.965159238755
 23.4865037574404
 123.111964169333
 58.7777705968958
 10.370657376398
 130.936136370569
 14.965966477735
 84.7548961334715
 51.9292647974723
 38.3462066193107
 19.8133219634583
 19.8739882882623
 59.4782520548535
 83.4065638478523
 6.89379715855004
 112.303831924363
 71.9577286333188
 95.3725125255835
 73.9461696631054
 55.5950391456103
 100.779808656012
 120.527675453715
 98.8901265313513
 86.427664783684
 63.2948040626178
 217.462447382801
 87.1991881884794
 94.3440970173023
 224.986141713061
 257.451505435738
 130.893207595841
 161.706491155593
 22.5713952897752
 214.352962218085
 20.2309031266196
 63.0127919803653
 72.7377056042178
 298.35841180568
 18.8671805741786
 185.417161840742
 169.961693945742
 68.8063594571583
 94.3262458944032
 68.4946229903728
 6.96785505673493
 62.4963101417744
 78.0293007587393
 303.014337910845
 177.755700559428
 88.1711410673362
 20.8989912651578
 15.914830793485
 58.6412236506694
 90.3428177470705
 5.37057584913681
 23.1610335248074
 58.9543742236825
 185.395372267766
 6.60774111544816
 27.5512196188645
 32.1476324797309
 146.488304342485
 58.3882210742468
 159.149516783763
 10.3216208440307
 283.722870787443
 72.4125053996503
 32.848175210691
 9.83606151954599
 173.214168240482
 62.4111262603027
 9.20510810808559
 1.54024139835447
 65.0285680980468
 8.08713386021912
 20.9498127980677
 50.749664999031
 99.4727041347751
 8.47857540056692
 13.1671252452327
 27.9006497718881
 115.358776271569
 87.6063463657253
 202.778787897619
 57.2841153490042
 71.7809562417352
 19.9144397869543
 3.84673154241704
 109.499828891396
 182.61351248162
 19.0725551345916
 59.0137536085551
 18.3990709264173
 188.086388653037
 31.6164017266145
 64.2134834376476
 2.29681653905403
 52.0727596489937
 11.4868188712
 60.4901249536098
 62.079056248229
 56.7730698529954
 16.6206291456322
 61.8591957511738
 48.6599054082576
 178.609102423834
 7.79162260669414
 55.5577861819342
 17.5486083218208
 118.342139662043
 28.7031825768052
 42.5663606228733
 30.8440111355683
 68.4782897899659
 103.326972804565
 341.335933243796
 124.095870832123
 123.855688538638
 9.64898216776191
 118.629716481191
 16.1368091400528
 131.406198195973
 10.8355479250673
 73.9362870095789
 55.2656194478024
 206.910631613191
 45.1270366259493
 35.2560245117418
 40.2341492798426
 196.819884590222
 33.3271855574309
 138.291636921812
 77.1269897442956
 11.330569457168
 12.9511834929126
 22.7666590846524
 95.9040478468312
 116.104731233824
 2.1955991812317
 130.848433036908
 75.1752523516103
 13.6115807395827
 2.04608313950959
 37.6686572726073
 74.4444515737688
 87.6143075125984
 1.35146723777495
 10.2833935242706
 57.4099486131203
 188.10058114143
 24.6778876633262
 29.8666413247533
 28.6644836999608
 66.5504267664652
 6.8459828541307
 138.898864376628
 45.414031442339
 24.5368095598648
 9.61661662066076
 48.4566828014682
 18.1470122365376
 147.009061641348
 69.1200531870401
 189.599504034084
 71.7809291869335
 6.53147066726735
 40.8199809633643
 191.987936962547
 73.007888883262
 37.082177565582
 13.1979103043136
 89.1009357337249
 43.9118908963848
 40.5536926690542
 0.522453925694092
 67.4944170489901
 23.2416545406674
 5.20018460560004
 16.0849053154333
 59.310674558464
 27.5050708190036
 115.903863267909
 34.2971171972715
 73.3697523883638
 11.3831459911969
 24.2637063322539
 14.6812290407695
 0.269550525650808
 53.5653130116848
 83.8003941187262
 5.39596079960963
 112.478785258651
 44.7459352947108
 93.5315790903101
 34.9752208598726
 90.8174819687783
 51.1362877983157
 23.1782206984866
 21.602353838103
 47.1737042694689
 11.2600751499131
 26.4020157447735
 46.8859353661293
 207.058140681356
 81.9387450715234
 157.552020653028
 34.0408896983891
 23.1085262459629
 21.5534384600914
 10.6332538649709
 110.721723025849
 227.56174723764
 8.99913569197502
 90.1322143433103
 32.8596280945195
 23.0092857104701
 20.870982320083
 76.0042138903408
 20.0366153834667
 40.9799278835383
 14.5669503015479
 1.70465842334498
 42.3664490076835
 104.305248860969
 11.0456496701099
 10.7092850654454
 38.2902342010377
 84.5219267802228
 4.44305602153749
 22.7294108948394
 45.5422949025018
 84.5836776447478
 8.718227315155
 115.373185860474
 12.1988451100674
 95.2341872113512
 2.01111021797926
 108.222544521442
 22.4242481186054
 108.954627066686
 133.095712855591
 16.8178377911037
 10.2948433796001
 36.0426289997168
 12.1809062213645
 68.8948428628201
 16.2818302745404
 15.4959850595928
 18.2395889959895
 19.1356315943107
 9.9680261723417
 6.79191375751353
 46.2712716381825
 48.3588400052275
 5.59592034216971
 83.7940106682812
 56.789490205124
 19.6218940082847
 87.328152225809
 63.050392906251
 5.5035734083932
 22.543874852247
 29.4131400980239
 50.6159186527828
 20.242269298666
 85.9636234868675
 20.1525080439993
 65.788977808584
 20.9808239585003
 147.196481232641
 6.22116297224833
 62.2969666765347
 4.77543349270275
 58.9826500607052
 14.4022432649445
 10.5166783346822
 14.6351526083515
 92.1901215862885
 18.5393888609578
 99.28123606017
 37.8378369405222
 7.26851383567715
 11.5716200810137
 42.2770741657838
 36.3425250022908
 168.896167877335
 28.2160829914836
 144.853960752832
 95.9044212963807
 9.51085049971374
 35.2927122108962
 116.233719137414
 104.932769482367
 142.265370493142
 22.4341081938421
 28.5564882220626
 27.7501720634402
 28.4974477791788
 9.72877576630387
 10.9560715742334
 52.4312299430125
 167.422282695092
 5.43304638489295
 138.256387026513
 97.034630099053
 4.56841821828081
 0.428608930260569
 12.9783223861338
 18.490649058606
 16.1950774092642
 5.5502343766965
 11.3908007124947
 35.4316062576739
 102.093628919971
 14.2902198958718
 166.173283805489
 53.0376674840849
 31.4818287947209
 83.5966007914997
 70.2100077890452
 4.09956338588702
 70.6848851132636
 15.7384535053252
 20.9921493561263
 23.8962215609188
 12.8456418454463
 7.39290453551633
 42.8739008151276
 0.149501965470334
 37.0835185165236
 22.5914858525534
 91.5157865494696
 26.0056473980255
 4.92122904251176
 14.6748287368273
 58.0451964042092
 7.78324564552314
 9.28302480055722
 16.5187910713449
 32.9947394073778
 80.4725371160953
 88.5320823310635
 23.5291706021346
 59.0013287323802
 5.48796655273868
 113.429583149428
 22.1622574866925
 4.6622389362772
 12.6571476601056
 85.4642182084965
 19.1280283785352
 42.5294015444303
 3.18215767739596
 22.3510923456679
 13.8679968940951
 32.4656639202016
 3.64897377679836
 55.1579737313366
 65.2539043809772
 71.0620776293063
 9.00839009699773
 30.7966998497254
 32.9377392398531
 240.867663898391
 67.9305308569486
 18.1871070361259
 25.2963716514359
 33.2266920092173
 0.225095773981788
 34.8441556889532
 0.545849544863435
 34.2357496058472
 1.38576757492353
 28.1529875785258
 0.0963312037233989
 46.1418393795504
 19.5396535426374
 11.9566702460863
 22.4837631185177
 130.000552960994
 16.8157369384573
 53.8617455868332
 24.8684381168949
 27.4783202565085
 71.4057830832795
 46.3389111235893
 4.96241646718364
 33.8407896682275
 16.6550389232804
 25.6669902466668
 56.618970782118
 55.596433341023
 3.37298700098928
 5.42984500886935
 9.37290207135184
 64.3682572876938
 11.4818579611454
 51.7772266376915
 86.9048910779552
 48.3618778978855
 0.206504441360386
 9.45899329769212
 17.0829921380407
 41.2507060896923
 1.55858403073795
 37.0374780459619
 1.59974186546398
 10.880416565383
 5.98417125735168
 36.4824479992428
 1.50798010608469
 36.1288470272801
 12.9106748345207
 80.5007374830302
 20.7346115062346
 7.99318027562838
 1.62883682044276
 7.94557297740111
 11.483875906792
 45.9820286357333
 4.44820845281514
 109.435399528483
 66.0612298818774
 52.094670041857
 12.3666857136636
 66.5819275988009
 16.4536516581546
 13.3307408367848
 3.41543095008686
 58.1810728797929
 3.90494915814929
 80.8781979537343
 69.639213101184
 13.7680396158963
 3.59803777381822
 22.6711852962302
 35.8546522734609
 2.71877919347597
 25.8516468781923
 35.3500430945311
 3.47391334380031
 2.20466978823585
 32.5598794426919
 57.2429779488917
 1.71940863201625
 9.38651534863925
 7.38884231275357
 36.4874012301865
 0.362424354314674
 23.4808074603594
 4.6038998412766
 39.7779596664943
 4.59179713938474
 71.3554249112858
 8.25724129069565
 46.2988344054977
 27.0497593407408
 5.50544500913341
 2.07110868826067
 35.7421858658302
 7.28293708072589
 20.5284726232633
 38.4524342803921
 24.3309788198304
 2.50406103999811
 23.9777645111519
 2.24567791022251
 21.527357433507
 7.81311347106681
 15.7442532766478
 26.1084392881761
 61.3660203716647
 1.64032389835986
 29.647682623537
 16.6899046193944
 57.0558877942616
 0.126700677379848
 46.2494227589893
 13.9270487792272
 36.052025837006
 11.3693989314995
 35.3052294275452
 6.73527725237959
 68.3758656525023
 3.66078045572986
 44.2393134781267
 8.61525405185848
 22.5395878699483
 4.37177263585706
 60.3270524046505
 17.9394931993998
 20.9970346662061
 23.2805520918041
 1.96455848690275
 35.4884212467352
 63.1216854572595
 5.19744092008553
 23.343577830682
 1.78025403100765
 21.7973560015718
 1.01709735460874
 17.6366226162208
 1.16302195757302
 55.2621292914527
 32.9941344193881
 4.11765712174358
 4.40634283370509
 25.6033567969813
 5.27810994790021
 19.4242716896377
 1.52420403959995
 26.1651764771866
 18.3395860980954
 68.4778792587583
 18.1598897780543
 1.49436002426989
 20.4753619982632
 104.470298374925
 26.8796649621221
 18.0496945791148
 20.2132471221478
 4.00698514948738
 16.8597413251016
 20.1453540247428
 19.5673463712129
 23.3356246499778
 2.83338031203241
 42.1810365588096
 3.4268843367368
 16.8698834911898
 20.773973915007
 35.3292293795056
 0.199932213454128
 33.4382723131957
 3.0104389089851
 51.7387390530725
 9.51546643552199
 24.7019717186921
 16.5608064976217
 7.87645719719563
 1.78454600214758
 52.3166630974434
 36.7872226070764
 12.1941399799952
 5.11443381374739
 55.8798973016089
 61.9462745625855
 6.05275522120057
 4.99063011056035
 14.2422978123717
 8.4778787350287
 2.01209525911949
 34.8843198536575
 38.4083980287621
 1.24148096249221
 10.2639525187148
 17.4305484370261
 26.1266782261605
 8.22059836059544
 15.1126732011768
 50.1246355661279
 52.4362506655598
 0.951758904593184
 32.364854142319
 24.5534745844186
 10.5889989281061
 33.5156037143925
 85.2113413100652
 3.28810117098492
 58.8702451416146
 7.68135419699693
 73.5530331339142
 26.5028022376781
 26.2243753597266
 8.30275286330707
 18.3165067105651
 22.8187386093477
 14.5826464411891
 17.6698780375128
 11.2009929151601
 15.5874836364561
 39.6625858628129
 1.28746587443749
 21.191663650495
 9.04065742894063
 0.451454754886654
 7.72416138671148
 9.2123512228715
 22.3060330341448
 84.7022786872161
 18.4909666332899
 22.5596024933935
 7.12202693241825
 32.6505515975127
 20.6630543181582
 4.8789812054814
 17.1239307670514
 21.8691015514937
 4.95396755392088
 0.363389867097093
 0.555358195541427
 2.95727955368213
 19.9059903547359
 13.417088533726
 11.7648744350836
 18.2326597144921
 12.2936181831008
 46.7883731767273
 6.16611043328851
 9.10703664635364
 1.00683335717849
 12.5689136616519
 1.37280424578737
 3.73563771213251
 27.7221264920397
 40.2078427521721
 2.36310406448572
 34.8544483759705
 2.07425860760666
 38.6096289121843
 6.76888124127896
 12.4346948607156
 12.7053924088743
 8.75370293988676
 13.7088654467487
 44.6794907757223
 0.625175096064965
 18.2234765268359
 0.470572880814595
 7.20941721720717
 14.8493278971184
 39.9948402821786
 1.29881521098387
 40.5781060472912
 2.30356342253473
 20.5886498353021
 2.9730226057442
 10.1244969749922
 1.01744478389392
 5.82948345665633
 12.0513425659434
 62.1669107719145
 4.65607370067242
 47.0846774408314
 123.88043652602
 76.8552155819038
 20.7719648796138
 78.4592363128595
 12.899654402496
 17.9955788372608
 9.97206060933785
 29.0662285971768
 6.03798002967827
 12.0095777900579
 3.14169111939414
 48.4887800438807
 28.3893697355103
 18.7748820435104
 1.23070130968976
 10.0255194527676
 15.4247350643633
 28.3988136310884
 4.94701523076437
 51.0158235840929
 9.71900098150038
 37.2917101153432
 1.94581272556402
 28.6605253721908
 5.44621911643864
 28.5461170374831
 5.98276607927114
 9.41685624892297
 2.00798151104426
 36.2409446010187
 1.93949829155858
 37.549896922503
 19.7843160556452
 8.20283015567946
 17.4970994432063
 3.93754744469209
 1.44958488517189
 12.3054314185163
 3.38109402935818
 6.67294073064371
 4.43754526444732
 17.638470642882
 5.01903485920022
 23.6344279768154
 7.173652564124
 24.690963557572
 3.20439391875847
 12.5226670602417
 2.42525794711286
 7.05370966267726
 9.57054192218353
 7.77417065672927
 17.1908158049959
 62.6061193159514
 8.73208295395087
 8.78461898990407
 3.08049104635365
 31.3499170220964
 23.1318549749261
 8.30105020795237
 13.3491605434898
 11.8397925886401
 3.96096741079016
 4.89132042826545
 5.3843967345105
 19.3105793327717
 12.1352359988073
 14.2118635604357
 9.0057670639046
 34.1778427054026
 52.2745079145445
 24.0586105066728
 18.9144907072289
 75.0204596734925
 18.5134889168825
 10.1850245038858
 1.7213830819923
 18.8770843839761
 9.32980187836006
 28.5442832171922
 4.30914743080276
 8.57622350037318
 8.90965257540075
 26.8721203711824
 14.2608153278349
 13.4695381354972
 8.21775215537264
 42.9896378467569
 12.4657313189811
 2.18124495398435
 6.20435707807027
 1.02577376377034
 45.3129933849285
 91.3648267387845
 7.08527484306728
 30.1419916494367
 3.02060961677976
 12.4776066994917
 2.71143680198149
 1.55770051905369
 21.0004492990497
 66.4732772927284
 9.15458495646925
 20.8261911417296
 15.0475741299428
 3.763737561346
 20.3191378165551
 21.0469979836272
 27.1215499075727
 48.8130469065636
 17.8505035896808
 50.7938086335163
 12.3372175043445
 15.9745665178453
 5.4042816123347
 42.5456242157973
 7.78066737885974
 1.79302547816319
 14.6012255389251
 51.8639982105351
 5.64742610937614
 8.90173493065748
 2.7130579404781
 14.522684762839
 17.7946537952921
 22.4675418679482
 17.6591190898432
 103.3917666178
 23.0976757755895
 18.8868881154726
 15.2306224005084
 0.128325376308344
 31.8105890754868
 43.0010726010568
 4.53458585838828
 73.0562362381356
 9.46589959612207
 18.1047502079805
 16.1080944688305
 25.005080613652
 7.14029210227304
 36.5454010524459
 7.84910840635391
 22.1811618713362
 6.34891699060309
 4.50011927706634
 1.91639648068866
 26.5635493645311
 8.01000000000002
 15.6873269131511
 4.43158373382389
 7.99998260289993
 4.65316249616191
 18.8092349576342
 22.2535048991018
 41.9233436855678
 6.66008766526069
 30.6113715649779
 0.761599954254453
 57.3890680930914
 12.0911953484262
 10.8854696986242
 0.663172091171529
 31.3724189207574
 46.1988376647839
 21.8553120507905
 2.02899516520759
 28.8533531376743
 8.00015844522246
 41.1010342101759
 9.39468923284335
 27.9102313597833
 17.4279591089049
 2.83121142962368
 18.7690168996666
 59.716818232229
 5.25887222173255
 27.5844113923603
 6.16878553373749
 10.4252787749008
 1.71674791488076
 19.9286418820662
 12.6032282730972
 2.8440485221613
 25.9840626448731
 38.3907927393685
 0.0384768604697885
 34.1867990713376
 5.94928293265002
 11.9826192293049
 6.57499900263757
 32.8631204947323
 5.19115939990921
 17.9651766725334
 5.92332958990493
 41.660474136765
 27.1321000519212
 4.91500019362957
 1.37703839055687
 30.6701548146619
 13.9510922738219
 20.6256634858854
 16.9621692348692
 9.06809811177714
 0.240051396624854
 26.3445116928715
 8.62398595615451
 6.18140843093568
 5.38733524309224
 4.27878531924891
 0.32033484683116
 29.1559524817353
 21.8149489594419
 1.45863875098408
 0.627883818099684
 3.27460728476379
 17.3577828354033
 43.0583360737251
 19.4062762801028
 16.8533289456156
 12.1468308475566
 3.91692289804959
 1.96287250070304
 2.1990584883954
 2.60063041301241
 4.37385042507406
 1.68147459045094
 21.4857518111031
 7.95745924672576
 2.07816515551065
 3.21967267029416
 2.32625807710829
 1.02369138674315
 1.46457142426244
 3.70963692490792
 1.87428985322049
 8.95510151794814
 28.9050156842965
 9.80078404292224
 2.94523328461762
 14.0184084563743
 10.5004949359014
 14.123833435323
 18.2828935102011
 13.1620802306566
 21.7151406780867
 11.3614103410828
 23.3169431502252
 8.73122007565017
 16.8519497897664
 10.7248381642003
 53.2617210010468
 6.51066889990997
 5.490117565717
 4.452886965661
 51.1959853574264
 15.1445256911752
 1.7361591359872
 1.98322582336733
 12.0644660625525
 0.378476063323331
 4.00858024940014
 6.05812620416423
 48.4832619348137
 20.4289880807154
 11.3104325907532
 7.23298737792818
 14.1506471161079
 3.3017873758518
 8.46720902786235
 6.15353292130395
 1.65825610535078
 5.51163382380674
 3.78068523984009
 16.5676728814041
 14.7923309620713
 15.7578940052847
 63.9442040291683
 15.1021443033673
 4.92821554610744
 3.84622460113676
 9.23586437347935
 1.21136099810533
 2.25741066717695
 0.602975746836874
 1.27758406917066
 22.393163813049
 21.4963210333597
 6.608800097298
 43.1887750588502
 1.88486715154503
 14.1559012930369
 9.0584052115461
 25.5009381174237
 3.83270027883568
 6.17994831710406
 6.50200631071995
 7.03208384374016
 3.73448594754695
 28.3242302833719
 5.65450182331191
 1.02856875934894
 2.50504767838705
 11.8043413666555
 2.41636688707912
 7.3758276128533
 1.64400080301012
 6.42729486175622
 4.27626460682871
 7.39645648953805
 8.45920092552302
 35.0629700896172
 4.20055645871124
 2.30428050124884
 9.63019271947369
 37.1566954124333
 12.1690938377257
 17.6709382129614
 0.0758127028626163
 13.4863733558203
 0.77579857388774
 13.2482300511769
 1.83854842213918
 29.4247317353711
 0.645322815037556
 33.5943314791137
 18.7980683087746
 3.55602724503524
 2.47055782701154
 14.256045610409
 2.07537025443328
 23.5373077156467
 3.47469718873186
 24.5034888123465
 2.79142410073241
 12.1249693461312
 4.60701672390449
 14.0260884699886
 6.68663366313767
 10.1718429962604
 4.25107723676788
 5.71141479576923
 0.401215774229418
 10.5870644693793
 3.38072894478067
 17.3944177928996
 1.67307210072964
 10.9607442995331
 0.213229345848712
 20.3922067831675
 10.3667807220169
 5.58525942047735
 2.1661750668701
 1.60678786195945
 0.227633157858819
 16.8397317526696
 22.2071044079569
 5.41995764002146
 3.38511339768084
 12.6246212954895
 12.7631176815705
 14.1644437788263
 2.55073987846945
 6.88817609923211
 1.83708517257367
 17.7913342195888
 3.63772763078927
 3.11535156018753
 1.88058111821884
 4.447308686041
 4.8314157202426
 22.2143108568483
 5.5206039329291
 6.14738093626358
 2.11331947375718
 21.0099199412256
 5.67632248638312
 0.869192208903119
 4.43100692331627
 10.6010044821727
 0.283964221572666
 5.47535782418879
 3.41605665288796
 3.96096625940776
 16.2969221354754
 23.2516939251747
 6.55971077268662
 37.2797915025329
 1.150807027734
 39.0667624785664
 14.1623518218176
 4.11488251692496
 3.01502706915569
 10.9159248484462
 6.83163151848162
 23.2507426331684
 8.05832507979884
 32.1995091822987
 8.9397541055965
 19.4441722485095
 1.83586623614804
 7.72706114810616
 0.971449228152436
 5.95937306553783
 5.63077613048225
 12.4393294303391
 0.941755936211429
 7.30773624765442
 0.238492213673493
 0.588075204448517
 14.921019844004
 30.5350944139035
 8.96605186489268
 23.0225747187361
 5.35544609354729
 16.8076822018841
 6.0843594603433
 75.1278285914282
 27.0647327758903
 2.31330001966506
 19.4198619280392
 16.9715591513558
 5.67737317747398
 44.0082123314165
 6.05682689428834
 11.6838641300959
 2.0124845162813
 7.1007023494336
 2.77358496035543
 4.28469647372645
 0.428583520904594
 7.18012269675732
 0.152393659516652
 11.9869762918937
 24.8904604896012
 21.2545805316763
 4.82833947460796
 30.336028982444
 11.8207741397818
 62.7287388384911
 13.4913690326268
 26.4525760660463
 16.0580182205626
 1.65640366283717
 3.77785170103465
 25.6865348228867
 2.49267000750735
 23.7419647644608
 5.78326361736261
 5.73451095813693
 3.56751279740273
 13.1515924336956
 0.20467461740011
 22.5612504167178
 28.281298518655
 26.4963142439873
 2.25661809970093
 7.63926442201478
 0.73009144511704
 17.8428829861054
 9.29196398024723
 7.05292201913129
 4.1181169927478
 0.0363250955212007
 5.59258537332196
 29.3156451341333
 14.2265698738502
 6.45313171594508
 8.85440592311098
 2.31244801374443
 8.8838868479129
 18.9080902425509
 1.82519441443414
 2.02391700514207
 4.15685055558799
 10.2043190543297
 1.77276242183799
 13.4995519443575
 16.695382912196
 63.0505593870426
 18.3672789886868
 0.550648465679174
 1.10658567433792
 17.2215654700035
 2.85369686907394
 4.29604734224282
 6.14020440326873
 6.27993866332593
 10.2094133590949
 35.0069232836061
 5.19013535465895
 6.06530012271152
 9.39037282529253
 7.63043205043832
 3.76588526822066
 14.9469584408099
 0.122615532233387
 7.8489690054189
 0.382956462227796
 11.1850112188682
 2.57912579860342
 22.0102110774583
 0.995031816025209
 31.5318676687711
 12.4751093008321
 6.88303063561006
 23.7818154052808
 17.1196585969405
 0.437216984367181
 17.9347469696245
 15.4814284654649
 7.33371918909914
 25.99374086887
 22.2769950733393
 0.537524745252996
 12.9429946222279
 2.22606851882772
 9.53580574889368
 4.94451626987196
 27.004504349291
 0.423388227490988
 22.1880463311616
 2.7365889877249
 12.2782428213035
 6.67405555883837
 7.97699377498833
 5.71224844408518
 26.6466452296115
 7.85507755793394
 0.719987497743452
 2.7457816679483
 22.803949970407
 6.96991003824508
 6.92132571236426
 2.33557490667665
 12.8404461455697
 2.94788570773042
 20.7818242316988
 8.46895789997363
 1.38775686813088
 0.613326770626242
 12.0218709819875
 8.35505121935706
 1.79796410196845
 0.044902598850461
 9.5949653486788
 19.4504623520994
 6.63400219980426
 2.30681169958353
 10.9325830368403
 0.659487758905809
 9.84916217784632
 7.13664882166602
 27.797868094504
 23.3474170788833
 5.81895983347945
 6.77918910292406
 9.35124167500495
 5.72064209314858
 2.93780420791008
 2.28926389794153
 8.81978889940465
 0.700637596637417
 0.908534869870786
 0.154483072445568
 8.99703707047589
 61.5876563167835
 51.1829828540254
 1.53932498029932
 18.2363095742478
 0.513201832566016
 21.7153025239002
 4.39733267583186
 9.20629565339032
 7.23804460905017
 8.43362469714917
 3.99839142936847
 0.285475331765697
 14.9526081458743
 27.1712197879069
 2.86824836288814
 2.23135049418138
 2.01694385269261
 0.433999637091094
 7.22673554916963
 7.31216840390678
 17.9360842755178
 12.7233119595898
 33.3349414054185
 43.4060140996838
 11.1357807192838
 49.6399471435883
 5.43193575641638
 12.5564749802138
 1.77261410240414
 4.32129542622183
 2.93747811238089
 18.2117983249307
 0.483008287921259
 31.4187694998467
 12.7950224366622
 2.51391552746478
 2.5790201912973
 3.69699425388411
 1.38029217820274
 6.22702062402576
 5.60998130634176
 12.0942802007516
 6.2166621519425
 17.8469321236963
 6.91722799965974
 33.8060418157462
 8.80108808206233
 4.4310518021957
 14.420372584803
 21.3968854452998
 1.14023691744875
 12.9571526021117
 1.86657081576184
 6.06455397116764
 6.15183781930514
 24.6327958679867
 0.220502709390631
 21.4219439132671
 6.17635151319638
 6.61850102101079
 8.8635922458893
 35.724841952158
 1.64847020799007
 35.5255561857481
 1.97938149250576
 31.8029697223415
 20.9137326023924
 12.4305740960316
 7.12361983914296
 14.6531570480407
 3.95384989614017
 3.19555852189293
 1.33044778949049
 15.0197585605447
 3.16520493601855
 18.8603493762329
 16.4517406640331
 6.9542004383121
 3.79256361574938
 2.03142785113508
 0.685756521987212
 4.32182486481318
 1.17818205849473
 9.19302515398634
 0.338732062882697
 10.4535309576366
 15.1225187766403
 22.8282660950366
 1.81095424379751
 3.26778755295086
 0.253235763566126
 7.17966302128657
 1.92784742022312
 13.943079829386
 1.83854925090086
 10.1544057013257
 13.4570807002569
 7.71510812426749
 11.0606550593517
 51.8269127916833
 17.1351455458954
 4.66658602801301
 1.23424437313991
 4.28438918255229
 0.779784247823675
 5.12716900156212
 3.79511320730219
 4.66218465905805
 1.42706182031118
 20.7291743273125
 31.1612885415284
 10.1507489312564
 2.67107622528331
 5.47590537890178
 10.7637716242474
 9.54335483219887
 1.30687239264683
 2.987096765043
 11.9390080950393
 23.6864199831801
 7.20691979971851
 41.5982275420012
 7.25892535492057
 8.26965656203968
 0.242122874659507
 10.7453036452544
 4.60163243674628
 13.3187645457331
 8.66785846308522
 9.66296928578989
 8.87746732992499
 3.12455881740991
 1.96938239052023
 2.92096484099478
 6.25434723281718
 14.3590303943633
 9.45844308680336
 25.4004580043064
 1.87048806752818
 2.29982004163054
 3.00708213381798
 11.6493448089885
 0.57967550770014
 5.00446461154482
 3.437599140847
 21.6111057937678
 7.25507913522496
 1.89429875925168
 10.1023746199234
 27.2712032535671
 3.19195593910814
 0.869015824322285
 18.8523352999992
 33.5260270351585
 1.03191108714818
 13.3154054338551
 0.695541110340584
 12.1913270828049
 3.81182595933336
 2.07581736226864
 10.6932045138955
 14.3769400398565
 2.49683503041198
 14.8047349229754
 0.464332892523611
 3.879118068234
 23.8321236762993
 38.9672329559495
 0.673546161394118
 18.1694815890188
 1.98289183122987
 2.83601240405534
 7.00440414858999
 21.6574974340796
 1.79522209674954
 34.9403480101732
 1.9438067431902
 18.933675406689
 6.08901839609818
 0.849869496022357
 3.6547505433715
 20.1247395600613
 5.79086169387089
 19.8824257285111
 3.32211149961254
 11.9490969681238
 9.72536183656088
 1.0281416220729
 10.3776055990908
 18.1791034498786
 18.476103471716
 42.9471546294935
 3.07211564035523
 20.2388061274609
 0.35443839845529
 35.7166340588885
 12.385716747138
 5.878559257681
 4.39971215327045
 0.863803083699551
 6.79625643065008
 22.3355561944965
 5.3847618826837
 8.20780693724469
 9.01941551844632
 39.2546133358681
 8.40391255449953
 3.59206303745294
 6.62800291336479
 29.0147434987384
 7.02369178953533
 7.57669078405075
 9.86410450451989
 1.88722503494684
 4.84832433717681
 4.83486110486321
 1.5357857514241
 10.0754906380364
 7.25186585290514
 4.87808998408317
 5.11331116459954
 25.5972507659043
 16.7989313544774
 7.88825911237087
 0.0984798940754305
 1.22486973249016
 22.4678022490814
 28.905886262634
 0.870698522515321
 2.74200950990454
 14.2619257843928
 33.1033581057193
 0.0696385112317463
 29.1796311781935
 20.2613590823836
 14.3156715133726
 0.104511098347178
 7.32956653498358
 1.67898541767731
 7.92869724572686
 19.2708262300693
 23.9439509395173
 4.29558988005995
 18.7943208227897
 6.26761233816674
 23.6504964257499
 2.14511811371116
 12.331156488341
 2.37413162595901
 11.109076842873
 4.21106276959686
 32.229549805931
 4.13559328333344
 27.8873114375439
 4.79391369828893
 23.4215553857456
 4.28620591916629
 9.00795371716683
 1.6710032768188
 4.22854304416799
 16.6005281735785
 22.7252364336293
 10.2804484425415
 64.9505888040026
 8.12913427500243
 23.7568438171661
 13.6567079409601
 3.52329403679796
 4.91375259413444
 0.383489419957627
 3.82027035664158
 5.19908527377604
 6.46453451064993
 28.5327609672229
 0.655023698034013
 24.9540989742803
 0.475288915473409
 30.699560166661
 12.8228817896692
 4.35240349895581
 0.546589025103703
 13.0991020049837
 4.32139100361778
 7.97016961487961
 2.67791785277751
 18.0071351150234
 5.40883859223669
 8.50191245239889
 3.15963800505582
 9.39914185432894
 1.17462115783382
 14.7678522722629
 8.52141280868048
 10.2557304457855
 14.4586389758791
 2.68752403793506
 4.74810579629585
 5.07342472922714
 0.2423978480818
 5.51352278024371
 10.4772262257934
 18.3270478183728
 2.50648455534177
 2.27081632605586
 3.26321411889582
 17.5074001114247
 0.432731900274326
 26.4417982213565
 10.9135874791244
 2.0399978118439
 2.68285930985043
 13.1639773860943
 2.37074347352069
 11.5476919140512
 7.28367959947202
 5.6559166497079
 1.792654209027
 12.6493818284457
 8.33413178484263
 0.979003901877846
 3.19152739911162
 10.4872400510021
 1.48347235677622
 3.00051330224803
 1.72738795797225
 3.11176678153242
 3.61836113246505
 15.2605458585994
 14.4621240070804
 4.83333015903613
 18.4496321841658
 22.5172485907351
 0.82677739292419
 8.41403521845397
 4.51797016994302
 23.2881550437077
 1.8316486990582
 17.3902874455888
 1.45592951570445
 8.94701826836946
 2.18578096930484
 0.655172207382391
 5.10119626987321
 26.0182009937593
 2.59967899924814
 7.9479010318978
 2.13695730691021
 2.81004096506226
 0.8093261936399
 17.0082709814157
 5.5732345773031
 2.29851776170588
 17.4669008121375
 26.634095477194
 2.57468244757346
 33.9789774914108
 9.52187385595875
 5.44243862251259
 2.91769643050143
 5.63029088467488
 8.8829217657166
 12.1240804896464
 1.78613677286312
 11.3895061560139
 15.9530920662393
 13.2404828731754
 11.0380924673615
 2.88662145132565
 1.79511696499417
 9.35184694121316
 0.659559865259
 2.72577790643955
 1.0697371901809
 8.79609886079918
 1.60654238440119
 7.35538808471893
 8.86369534221211
 6.06127195880266
 0.0643309680633145
 6.15094054152288
 16.587078195145
 11.8316535880301
 5.30306420750203
 29.7818351516295
 5.69411960372383
 2.29103534592807
 4.75124417023184
 11.4940706870591
 1.55850177066575
 8.79539546969258
 1.49508054211783
 14.9587656346953
 0.453226428655226
 8.5412488249887
 0.114870405494751
 10.0280964245856
 1.314867850165
 5.52624062907016
 0.731317351264908
 18.629203507128
 5.16111679496745
 3.22549622470961
 2.46133879567288
 4.24645558012798
 1.2304890186675
 6.70440178824323
 0.42977331786591
 8.53380057742909
 7.39760149247632
 1.65949494986376
 0.0977495996612664
 1.29816122039598
 2.5626030349428
 3.39570874717834
 0.834768571890594
 4.13948267518754
 6.257147764329
 13.0855824978092
 1.43607210029252
 21.7420250645754
 3.49033063016948
 8.02398783963912
 9.95379878645242
 4.48799367645973
 14.9117060830235
 15.8775830293128
 8.29176015729946
 14.9994440853652
 1.02997383947712
 8.77595911512919
 0.788331674435561
 6.49450536703838
 4.71185307060143
 0.170827929797661
 2.220592135267
 1.11117693043603
 7.99864294044968
 23.621749730879
 8.12470069466614
 2.76445887650245
 2.42296708423038
 5.99340559571842
 2.17208144674534
 6.13756269547947
 2.55776477103265
 18.8761266424882
 6.34587860327425
 10.8569158414678
 0.699698957253988
 11.1226440379271
 1.84642314001656
 6.41971791649444
 8.75874822726617
 0.831256277301884
 8.89995813325516
 11.6326812707953
 4.21154958339022
 32.5017201938216
 4.52120936731158
 11.5972766788034
 9.73205356058875
 7.69050363380497
 14.2545972019702
 7.57004115147536
 4.55328414999803
 7.31130388621689
 0.0389261810271949
 0.900199130410964
 3.56910010813159
 5.24143103209501
 18.1076003671926
 29.8439983894053
 1.12199535405231
 27.1267046582163
 3.93892395093331
 4.64786433027051
 0.0919830421251788
 17.229378024715
 9.88685190031993
 1.01137008676838
 3.34908097138288
 10.7385742616928
 0.178474850520981
 3.93581912013291
 4.30336787096598
 25.0413877726333
 6.84299875208597
 3.36121368103473
 1.82942434465626
 4.8083490878954
 3.45540529516516
 1.95195618368895
 0.293685877536597
 2.45719638298063
 0.141751047377881
 0.309015236118658
 7.28649835309054
 14.8403040455574
 2.19568603767266
 4.90692291400764
 4.87789706246345
 14.217230404059
 0.108068567783349
 8.95005058548568
 5.60559854942715
 7.77642011529468
 6.13055884624546
 9.47333834638813
 10.8395334783136
 6.61406626236502
 4.33566421133487
 13.3652473036149
 1.18420514405478
 11.3330351289037
 0.196553492764789
 6.30711810551136
 3.04752588637146
 2.27269582973658
 1.57646401548629
 1.10133384035827
 13.9626551296357
 22.9925388010794
 2.31546215121917
 34.4072526386411
 10.1492502396406
 3.73947030546181
 1.20471237180919
 6.20051039722063
 19.4979615388332
 24.0334917642629
 12.2041684804183
 3.72647930067585
 10.9683391860746
 15.0169635031618
 3.75936405365627
 10.5333908651236
 2.08479622490796
 8.49414213195392
 8.09078035010697
 30.1895996138274
 6.25327357933794
 26.8174798848607
 3.31643209043368
 17.4621728397685
 3.72959537721498
 8.16652984865891
 1.15431406045823
 3.01986682101314
 0.64163391748674
 0.524277811276435
 10.9297838949973
 21.1144663311003
 0.0904230698538794
 16.5923096351707
 9.18279954304225
 23.8333986468859
 8.52437526532901
 1.48882230083017
 2.50792760437757
 8.45357297787894
 2.01099834862663
 14.2573378716603
 1.62068242196246
 8.99048609084849
 10.1489824885726
 27.8982147832078
 9.62321569293218
 1.79539013357207
 10.6625245837118
 15.6878544217794
 1.20848260870912
 15.424571554342
 0.233202598830497
 14.2732938259367
 1.75019198551096
 29.7790860343614
 7.48348726333908
 8.1975069811719
 11.630249111247
 0.640959761092111
 3.76823884873638
 3.34663804850406
 7.58340451772348
 15.0197389519403
 3.5867408409046
 16.5338052948578
 2.77840614644827
 16.4405164886856
 1.96653809331023
 16.2203845125336
 2.89519726844043
 0.679244879544598
 10.4473652580876
 28.7376924470621
 3.82827511610025
 44.5410804865487
 17.8134920571821
 3.24814434113081
 1.64616887385246
 8.19094416609669
 4.7919004057783
 4.99694491029591
 1.87408906482102
 5.91199449765769
 12.5685644965755
 18.5630259399324
 4.19538401370476
 25.8909306607031
 16.8227780478407
 13.8671991441352
 5.34637364821224
 4.18989046861648
 0.463160310730718
 8.60233754837101
 5.24892621148692
 4.30433087451134
 2.41351950488214
 22.3936331960552
 11.0033286040334
 0.474071424023801
 0.558809663080148
 1.16736653882329
 2.82086018264107
 2.21627822646666
 3.42615305633006
 6.39886299543765
 0.856468606607718
 1.95075353764872
 11.2899488706922
 14.7067170349668
 7.93827614963734
 43.0745422343227
 8.0895464022308
 7.36850629636711
 7.4602281897186
 0.314543022217568
 20.0095157393237
 15.3094877652669
 5.74143854167418
 9.38424485971424
 20.7691067851859
 30.8700931005758
 5.83135944779297
 13.9204018973644
 8.4549802053032
 37.2166061381896
 2.63395655509264
 53.4053884215819
 4.69214180516973
 22.7257676669232
 4.3124078463748
 17.2558766584842
 13.1480882833763
 2.31320490887209
 0.119134580480773
 11.8226024436234
 4.89375004527267
 2.54876928127271
 9.14842572227296
 23.469274772318
 6.86207639523064
 0.0672125532176359
 4.58619561278799
 6.16757117666062
 4.24667122902124
 17.3699298654936
 0.779366259022732
 15.2607917523369
 0.436245494377486
 15.5735725008837
 3.38957188443804
 0.648303557968508
 4.94031775613686
 16.2006977082892
 3.0198239343583
 19.3920124329406
 2.37162924310891
 2.53679288157002
 2.09307673366318
 12.7454472744896
 3.81767341372446
 4.38906457797271
 14.6002787447844
 54.3894147845246
 10.397996005199
 14.2311151596017
 0.722389582839599
 21.2965843488943
 3.80942499843998
 11.3470785698814
 4.3577500497031
 7.2943685111476
 1.43710517477155
 15.4599031807535
 1.63800995770602
 8.77022530812059
 1.11715459614715
 21.334618732523
 20.5007277075814
 2.17693378884493
 4.26166249623008
 17.3301681164836
 3.49842424027757
 3.61458463765495
 0.966730680851625
 0.178225158418948
 11.6248993579785
 13.9827039807676
 2.51409925326224
 12.6592035794264
 1.84060867130802
 18.5299081533156
 0.873174525987555
 17.8099260424549
 0.855237960031292
 16.9592060597139
 1.11717260730172
 10.1224354195805
 3.09767083663392
 8.07028920654075
 2.14258575013292
 6.383495652716
 3.09685458925656
 16.6199320314518
 2.08967243357588
 8.97423765588638
 4.22004105260841
 15.1533908719758
 0.0969783619275118
 16.3165381072969
 1.01130750820279
 16.925923615913
 1.83876527230054
 6.56493238561092
 1.44948175864594
 27.8656895876943
 6.71426049813907
 7.4815137335398
 5.97182189105534
 0.850330804960752
 4.1088343502265
 23.2974714416543
 7.25749421436576
 0.846381226610632
 0.997452606746821
 7.25575466850534
 4.36618961585624
 18.3568815597773
 5.09024539901886
 6.65001852885372
 5.52219528111601
 26.3507844211654
 11.1085998630541
 1.47736360579132
 0.573053809832637
 5.10637694465682
 0.714869831797464
 21.5124779649104
 20.0657703270633
 5.59278457022719
 2.64687660046872
 2.99931930619096
 4.8080112417674
 13.0400301747049
 6.63769207484348
 16.1513691635466
 3.71015281121362
 18.297660015185
 0.560481947174426
 8.26180541889221
 0.754007742079638
 7.18957179401398
 0.763493667429908
 16.3798384077341
 7.57426046036514
 8.41629499931851
 7.8865091040572
 30.6303995182409
 2.26908654981242
 45.2076375059726
 23.0873538135311
 4.36033573547565
 14.5324646261931
 3.87182915135243
 0.075064685613551
 1.95679747605869
 3.05420775109298
 20.6601782692226
 6.09872747104104
 2.31352884977188
 0.137461014524883
 5.22065299592722
 0.552552275788998
 3.2806785715779
 3.34983579720419
 23.6145526314917
 3.84146542845746
 4.71356244318485
 0.764547868279135
 18.9666867600424
 8.55059066689673
 0.137166649597519
 1.1582780714678
 9.27352952904649
 2.28072450358621
 9.29747445622454
 5.99153342614667
 2.74390187456971
 5.89388620226239
 7.1674568833281
 2.17008618744462
 6.52133483372676
 5.61417596781712
 19.2531375822198
 2.47746553089887
 10.627254022356
 2.56157405969091
 3.0276569727233
 6.96752400213371
 5.53173590029971
 12.4591039288146
 37.6423829584989
 1.80319482101267
 16.3207095605775
 5.58463012249903
 3.09143711009968
 2.71487387293123
 6.58079247870047
 1.7408377116188
 0.556595101028896
 2.27372420086975
 12.7609933339513
 7.93799999999997
 12.7609933339513
 2.27372420086974
 0.556595101028937
 1.74083771161883
 6.58079247870049
 2.71487387293123
 3.09143711009962
 5.58463012249902
 16.3207095605773
 1.80319482101268
 37.6423829584987
 12.4591039288146
 5.53173590029973
 6.96752400213371
 3.02765697272333
 2.56157405969091
 10.627254022356
 2.47746553089885
 19.253137582219
 5.6141759678171
 6.52133483372695
 2.17008618744463
 7.16745688332828
 5.89388620226242
 2.74390187456969
 5.99153342614668
 9.29747445622447
 2.28072450358622
 9.27352952904645
 1.1582780714678
 0.137166649597506
 8.55059066689673
 18.9666867600423
 0.764547868279135
 4.71356244318487
 3.84146542845744
 23.6145526314918
 3.3498357972042
 3.28067857157804
 0.552552275789007
 5.22065299592753
 0.137461014524888
 2.31352884977185
 6.09872747104104
 20.6601782692225
 3.05420775109297
 1.95679747605904
 0.0750646856135525
 3.87182915135266
 14.5324646261931
 4.36033573547588
 23.0873538135311
 45.2076375059721
 2.26908654981242
 30.6303995182405
 7.88650910405716
 8.41629499931871
 7.57426046036515
 16.3798384077338
 0.763493667429921
 7.18957179401423
 0.754007742079654
 8.26180541889199
 0.560481947174441
 18.2976600151849
 3.71015281121363
 16.1513691635465
 6.63769207484344
 13.0400301747049
 4.80801124176738
 2.99931930619093
 2.6468766004687
 5.59278457022727
 20.0657703270633
 21.5124779649101
 0.714869831797451
 5.10637694465686
 0.573053809832641
 1.47736360579121
 11.1085998630541
 26.3507844211656
 5.52219528111604
 6.65001852885368
 5.09024539901888
 18.3568815597773
 4.36618961585626
 7.2557546685052
 0.997452606746811
 0.846381226610531
 7.25749421436583
 23.2974714416541
 4.10883435022648
 0.850330804960824
 5.97182189105535
 7.48151373353956
 6.71426049813907
 27.8656895876937
 1.44948175864593
 6.56493238561047
 1.83876527230055
 16.925923615913
 1.01130750820279
 16.3165381072972
 0.0969783619275131
 15.1533908719759
 4.22004105260838
 8.97423765588649
 2.08967243357589
 16.6199320314519
 3.09685458925654
 6.38349565271599
 2.1425857501329
 8.07028920654085
 3.0976708366339
 10.1224354195804
 1.11717260730174
 16.9592060597138
 0.855237960031284
 17.809926042455
 0.873174525987556
 18.5299081533157
 1.84060867130801
 12.6592035794263
 2.51409925326222
 13.9827039807678
 11.6248993579784
 0.178225158418941
 0.96673068085161
 3.61458463765493
 3.49842424027757
 17.3301681164832
 4.26166249623007
 2.17693378884501
 20.5007277075813
 21.3346187325229
 1.11715459614716
 8.77022530812073
 1.638009957706
 15.459903180753
 1.43710517477154
 7.29436851114774
 4.3577500497031
 11.3470785698813
 3.80942499843998
 21.2965843488948
 0.722389582839585
 14.2311151596013
 10.397996005199
 54.3894147845257
 14.6002787447844
 4.38906457797245
 3.81767341372446
 12.7454472744896
 2.09307673366315
 2.53679288157014
 2.37162924310891
 19.3920124329408
 3.01982393435832
 16.2006977082891
 4.94031775613681
 0.648303557968507
 3.38957188443807
 15.5735725008841
 0.436245494377481
 15.2607917523367
 0.779366259022707
 17.3699298654937
 4.24667122902123
 6.16757117666063
 4.58619561278798
 0.067212553217641
 6.86207639523061
 23.4692747723181
 9.14842572227289
 2.54876928127275
 4.89375004527272
 11.8226024436235
 0.119134580480774
 2.31320490887195
 13.1480882833762
 17.2558766584842
 4.31240784637479
 22.7257676669233
 4.69214180516975
 53.405388421582
 2.63395655509265
 37.2166061381895
 8.45498020530315
 13.9204018973642
 5.831359447793
 30.8700931005759
 20.7691067851858
 9.38424485971437
 5.74143854167416
 15.3094877652669
 20.0095157393237
 0.314543022217582
 7.46022818971859
 7.36850629636723
 8.08954640223085
 43.0745422343227
 7.93827614963736
 14.7067170349668
 11.2899488706922
 1.95075353764881
 0.85646860660771
 6.39886299543753
 3.42615305633001
 2.21627822646663
 2.82086018264105
 1.16736653882326
 0.558809663080137
 0.474071424023794
 11.0033286040334
 22.3936331960551
 2.41351950488214
 4.30433087451137
 5.24892621148695
 8.60233754837072
 0.463160310730714
 4.18989046861665
 5.3463736482122
 13.8671991441352
 16.8227780478406
 25.8909306607031
 4.19538401370482
 18.5630259399323
 12.5685644965755
 5.91199449765762
 1.87408906482101
 4.99694491029595
 4.79190040577828
 8.19094416609674
 1.64616887385246
 3.24814434113084
 17.8134920571821
 44.5410804865485
 3.82827511610026
 28.7376924470618
 10.4473652580875
 0.679244879544618
 2.89519726844044
 16.2203845125336
 1.96653809331024
 16.4405164886857
 2.77840614644824
 16.5338052948576
 3.5867408409046
 15.01973895194
 7.58340451772343
 3.34663804850393
 3.76823884873636
 0.640959761092107
 11.6302491112471
 8.19750698117179
 7.48348726333913
 29.7790860343612
 1.75019198551095
 14.2732938259366
 0.233202598830492
 15.4245715543424
 1.20848260870912
 15.6878544217795
 10.6625245837118
 1.79539013357213
 9.6232156929322
 27.8982147832077
 10.1489824885726
 8.99048609084853
 1.62068242196244
 14.2573378716602
 2.01099834862663
 8.45357297787885
 2.50792760437757
 1.48882230083013
 8.52437526532909
 23.8333986468862
 9.18279954304228
 16.5923096351705
 0.0904230698538746
 21.1144663311002
 10.9297838949973
 0.524277811276437
 0.641633917486752
 3.01986682101311
 1.15431406045825
 8.16652984865883
 3.72959537721502
 17.4621728397684
 3.31643209043372
 26.8174798848606
 6.25327357933794
 30.1895996138274
 8.09078035010694
 8.49414213195391
 2.08479622490799
 10.5333908651232
 3.75936405365622
 15.0169635031611
 10.9683391860746
 3.72647930067652
 12.2041684804184
 24.0334917642635
 19.4979615388332
 6.20051039722062
 1.20471237180917
 3.73947030546192
 10.1492502396407
 34.4072526386416
 2.31546215121916
 22.9925388010793
 13.9626551296356
 1.10133384035832
 1.57646401548628
 2.27269582973663
 3.04752588637148
 6.30711810551129
 0.196553492764794
 11.3330351289037
 1.18420514405476
 13.3652473036152
 4.33566421133491
 6.61406626236509
 10.8395334783136
 9.47333834638809
 6.13055884624547
 7.77642011529466
 5.60559854942715
 8.9500505854857
 0.108068567783352
 14.217230404059
 4.87789706246348
 4.90692291400761
 2.19568603767265
 14.8403040455573
 7.28649835309048
 0.309015236118631
 0.141751047377884
 2.45719638298053
 0.293685877536605
 1.95195618368907
 3.45540529516518
 4.80834908789549
 1.82942434465628
 3.36121368103476
 6.84299875208597
 25.0413877726333
 4.30336787096595
 3.93581912013305
 0.178474850520963
 10.7385742616929
 3.34908097138289
 1.01137008676841
 9.88685190031995
 17.2293780247149
 0.0919830421251687
 4.64786433027061
 3.93892395093328
 27.1267046582163
 1.1219953540523
 29.8439983894052
 18.1076003671925
 5.24143103209506
 3.56910010813159
 0.900199130410972
 0.0389261810271941
 7.31130388621686
 4.55328414999807
 7.5700411514754
 14.2545972019702
 7.69050363380492
 9.73205356058876
 11.5972766788035
 4.52120936731162
 32.5017201938217
 4.21154958339018
 11.6326812707954
 8.89995813325522
 0.831256277301855
 8.75874822726618
 6.41971791649429
 1.84642314001662
 11.1226440379272
 0.699698957253975
 10.8569158414679
 6.34587860327425
 18.876126642488
 2.55776477103265
 6.13756269547959
 2.1720814467453
 5.99340559571832
 2.42296708423036
 2.76445887650244
 8.12470069466614
 23.621749730879
 7.9986429404497
 1.11117693043606
 2.22059213526699
 0.170827929797692
 4.71185307060154
 6.49450536703832
 0.788331674435632
 8.77595911512942
 1.02997383947708
 14.9994440853653
 8.29176015729947
 15.8775830293125
 14.9117060830235
 4.48799367645985
 9.95379878645242
 8.02398783963907
 3.49033063016951
 21.7420250645755
 1.43607210029253
 13.0855824978095
 6.25714776432905
 4.13948267518746
 0.834768571890615
 3.39570874717837
 2.56260303494282
 1.29816122039608
 0.0977495996612822
 1.65949494986384
 7.39760149247631
 8.53380057742904
 0.429773317865898
 6.70440178824308
 1.2304890186675
 4.24645558012803
 2.4613387956729
 3.2254962247096
 5.16111679496739
 18.6292035071279
 0.731317351264944
 5.52624062906995
 1.31486785016499
 10.0280964245855
 0.114870405494755
 8.54124882498859
 0.453226428655242
 14.9587656346954
 1.49508054211785
 8.79539546969243
 1.55850177066573
 11.4940706870591
 4.75124417023184
 2.29103534592797
 5.69411960372377
 29.7818351516294
 5.30306420750207
 11.8316535880299
 16.5870781951451
 6.15094054152288
 0.0643309680633224
 6.0612719588024
 8.86369534221217
 7.35538808471903
 1.60654238440117
 8.79609886079888
 1.0697371901809
 2.72577790643985
 0.659559865258992
 9.35184694121313
 1.79511696499418
 2.88662145132551
 11.0380924673614
 13.2404828731756
 15.9530920662391
 11.3895061560137
 1.78613677286312
 12.1240804896465
 8.88292176571657
 5.6302908846747
 2.91769643050142
 5.44243862251245
 9.52187385595875
 33.9789774914101
 2.57468244757347
 26.6340954771933
 17.4669008121373
 2.29851776170606
 5.57323457730308
 17.0082709814154
 0.809326193639941
 2.81004096506219
 2.13695730691021
 7.94790103189723
 2.5996789992482
 26.0182009937587
 5.10119626987316
 0.655172207382294
 2.1857809693048
 8.94701826836924
 1.45592951570443
 17.3902874455879
 1.83164869905818
 23.2881550437044
 4.51797016994306
 8.41403521845109
 0.82677739292419
 22.5172485907475
 18.4496321841659
 4.8333301590363
 14.4621240070804
 15.2605458585974
 3.61836113246501
 3.11176678153239
 1.72738795797228
 3.00051330224832
 1.48347235677625
 10.4872400510028
 3.1915273991116
 0.979003901877755
 8.33413178484275
 12.6493818284459
 1.79265420902704
 5.65591664970796
 7.28367959947212
 11.5476919140518
 2.37074347352071
 13.1639773860947
 2.68285930985042
 2.03999781184403
 10.9135874791246
 26.441798221357
 0.432731900274318
 17.5074001114249
 3.26321411889586
 2.27081632605591
 2.50648455534179
 18.3270478183724
 10.4772262257933
 5.51352278024364
 0.242397848081798
 5.07342472922712
 4.74810579629578
 2.68752403793513
 14.458638975879
 10.2557304457854
 8.5214128086805
 14.767852272263
 1.17462115783379
 9.39914185432917
 3.15963800505589
 8.50191245239905
 5.40883859223675
 18.0071351150235
 2.67791785277757
 7.97016961487982
 4.32139100361776
 13.0991020049839
 0.54658902510371
 4.35240349895583
 12.8228817896693
 30.6995601666614
 0.475288915473399
 24.9540989742803
 0.655023698034017
 28.5327609672231
 6.46453451064994
 5.19908527377603
 3.82027035664154
 0.383489419957661
 4.91375259413443
 3.52329403679799
 13.6567079409602
 23.7568438171662
 8.12913427500247
 64.9505888040029
 10.2804484425415
 22.7252364336294
 16.6005281735785
 4.22854304416812
 1.67100327681877
 9.00795371716682
 4.28620591916629
 23.4215553857459
 4.79391369828889
 27.8873114375432
 4.13559328333345
 32.2295498059318
 4.21106276959686
 11.1090768428732
 2.37413162595897
 12.3311564883411
 2.14511811371117
 23.6504964257499
 6.2676123381667
 18.7943208227896
 4.29558988005995
 23.9439509395176
 19.2708262300691
 7.92869724572705
 1.67898541767731
 7.32956653498367
 0.104511098347167
 14.315671513373
 20.2613590823837
 29.1796311781935
 0.0696385112317456
 33.1033581057192
 14.2619257843927
 2.74200950990466
 0.870698522515325
 28.9058862626347
 22.4678022490815
 1.22486973249015
 0.0984798940754489
 7.8882591123713
 16.7989313544773
 25.5972507659068
 5.11331116459951
 4.87808998408205
 7.25186585290513
 10.0754906380356
 1.5357857514241
 4.83486110486292
 4.84832433717683
 1.88722503494684
 9.86410450451991
 7.57669078405051
 7.0236917895353
 29.0147434987385
 6.62800291336476
 3.59206303745286
 8.40391255449947
 39.2546133358676
 9.01941551844624
 8.2078069372447
 5.38476188268374
 22.3355561944964
 6.79625643065007
 0.86380308369957
 4.3997121532705
 5.87855925768086
 12.385716747138
 35.716634058888
 0.354438398455294
 20.2388061274608
 3.0721156403552
 42.9471546294935
 18.476103471716
 18.1791034498787
 10.3776055990908
 1.02814162207284
 9.72536183656098
 11.9490969681238
 3.32211149961256
 19.8824257285111
 5.79086169387094
 20.1247395600612
 3.65475054337149
 0.849869496022303
 6.0890183960982
 18.9336754066888
 1.94380674319022
 34.940348010173
 1.79522209674953
 21.6574974340794
 7.00440414859
 2.83601240405552
 1.98289183122988
 18.1694815890188
 0.673546161394106
 38.9672329559493
 23.8321236762992
 3.87911806823401
 0.46433289252361
 14.8047349229754
 2.49683503041201
 14.3769400398564
 10.6932045138954
 2.0758173622686
 3.8118259593334
 12.1913270828048
 0.695541110340577
 13.315405433855
 1.03191108714819
 33.5260270351582
 18.852335299999
 0.86901582432231
 3.19195593910814
 27.271203253567
 10.1023746199234
 1.89429875925172
 7.25507913522499
 21.6111057937673
 3.43759914084699
 5.00446461154462
 0.579675507700156
 11.6493448089885
 3.00708213381804
 2.29982004163046
 1.87048806752819
 25.4004580043061
 9.45844308680337
 14.3590303943626
 6.25434723281719
 2.92096484099409
 1.96938239052022
 3.12455881741041
 8.87746732992497
 9.66296928578987
 8.66785846308521
 13.3187645457333
 4.60163243674629
 10.7453036452547
 0.242122874659515
 8.26965656203966
 7.25892535492063
 41.5982275420015
 7.2069197997185
 23.6864199831805
 11.9390080950393
 2.98709676504311
 1.30687239264682
 9.54335483219907
 10.7637716242474
 5.47590537890186
 2.67107622528333
 10.1507489312565
 31.1612885415285
 20.7291743273126
 1.42706182031119
 4.66218465905803
 3.7951132073022
 5.1271690015621
 0.779784247823674
 4.28438918255237
 1.23424437313991
 4.66658602801304
 17.1351455458955
 51.8269127916833
 11.0606550593517
 7.71510812426751
 13.4570807002569
 10.1544057013257
 1.83854925090088
 13.943079829386
 1.92784742022314
 7.1796630212867
 0.253235763566131
 3.26778755295096
 1.81095424379751
 22.8282660950368
 15.1225187766404
 10.4535309576365
 0.338732062882691
 9.1930251539864
 1.17818205849471
 4.32182486481321
 0.685756521987209
 2.03142785113506
 3.79256361574938
 6.95420043831213
 16.4517406640331
 18.8603493762331
 3.16520493601854
 15.0197585605448
 1.33044778949049
 3.19555852189292
 3.95384989614017
 14.6531570480406
 7.12361983914299
 12.4305740960317
 20.9137326023924
 31.8029697223415
 1.97938149250574
 35.5255561857481
 1.6484702079901
 35.7248419521579
 8.86359224588926
 6.61850102101097
 6.17635151319635
 21.4219439132673
 0.220502709390628
 24.632795867987
 6.15183781930514
 6.06455397116781
 1.86657081576184
 12.9571526021114
 1.14023691744875
 21.3968854453
 14.4203725848029
 4.43105180219581
 8.80108808206226
 33.8060418157465
 6.91722799965974
 17.8469321236962
 6.21666215194251
 12.0942802007516
 5.60998130634173
 6.22702062402579
 1.38029217820273
 3.69699425388419
 2.57902019129733
 2.51391552746472
 12.7950224366621
 31.4187694998468
 0.483008287921249
 18.2117983249308
 2.93747811238095
 4.32129542622194
 1.77261410240414
 12.5564749802137
 5.43193575641645
 49.6399471435879
 11.1357807192838
 43.4060140996836
 33.3349414054185
 12.7233119595897
 17.9360842755178
 7.31216840390669
 7.22673554916966
 0.433999637091092
 2.01694385269262
 2.23135049418143
 2.86824836288812
 27.1712197879069
 14.9526081458743
 0.285475331765646
 3.99839142936847
 8.433624697149
 7.23804460905018
 9.2062956533902
 4.39733267583184
 21.7153025239
 0.513201832566005
 18.2363095742475
 1.5393249802993
 51.1829828540255
 61.5876563167834
 8.99703707047602
 0.154483072445571
 0.908534869870806
 0.700637596637432
 8.8197888994046
 2.28926389794152
 2.93780420791011
 5.72064209314862
 9.35124167500499
 6.7791891029241
 5.81895983347954
 23.3474170788833
 27.7978680945039
 7.13664882166594
 9.84916217784624
 0.659487758905806
 10.9325830368402
 2.30681169958354
 6.63400219980424
 19.4504623520995
 9.59496534867904
 0.044902598850462
 1.79796410196835
 8.35505121935705
 12.0218709819874
 0.613326770626231
 1.38775686813074
 8.46895789997361
 20.7818242316993
 2.94788570773039
 12.8404461455696
 2.33557490667666
 6.92132571236427
 6.96991003824503
 22.8039499704072
 2.74578166794831
 0.719987497743475
 7.85507755793395
 26.6466452296115
 5.71224844408519
 7.97699377498836
 6.67405555883838
 12.2782428213034
 2.73658898772495
 22.1880463311616
 0.423388227490995
 27.004504349291
 4.94451626987193
 9.53580574889375
 2.22606851882774
 12.9429946222277
 0.537524745252982
 22.2769950733393
 25.99374086887
 7.33371918909922
 15.4814284654649
 17.9347469696245
 0.437216984367182
 17.1196585969404
 23.7818154052806
 6.88303063560993
 12.4751093008321
 31.5318676687707
 0.995031816025219
 22.0102110774578
 2.57912579860339
 11.1850112188658
 0.382956462227798
 7.8489690054201
 0.12261553223338
 14.9469584408105
 3.76588526822069
 7.63043205043863
 9.39037282529247
 6.06530012271137
 5.19013535465892
 35.0069232836061
 10.2094133590949
 6.27993866332602
 6.14020440326874
 4.29604734224282
 2.85369686907396
 17.2215654700038
 1.10658567433792
 0.550648465679184
 18.3672789886868
 63.0505593870426
 16.695382912196
 13.4995519443576
 1.77276242183797
 10.2043190543298
 4.15685055558799
 2.02391700514209
 1.82519441443412
 18.9080902425508
 8.88388684791285
 2.31244801374447
 8.854405923111
 6.45313171594512
 14.2265698738502
 29.3156451341335
 5.59258537332199
 0.0363250955212074
 4.1181169927478
 7.05292201913136
 9.29196398024719
 17.8428829861052
 0.730091445117023
 7.63926442201483
 2.25661809970092
 26.4963142439871
 28.281298518655
 22.5612504167178
 0.204674617400113
 13.1515924336955
 3.56751279740273
 5.73451095813694
 5.78326361736261
 23.7419647644607
 2.49267000750736
 25.6865348228865
 3.77785170103464
 1.65640366283711
 16.0580182205626
 26.4525760660463
 13.4913690326268
 62.728738838491
 11.8207741397818
 30.3360289824441
 4.82833947460795
 21.2545805316764
 24.8904604896011
 11.9869762918938
 0.152393659516656
 7.18012269675738
 0.428583520904602
 4.28469647372646
 2.77358496035546
 7.10070234943342
 2.01248451628131
 11.6838641300961
 6.05682689428832
 44.0082123314166
 5.67737317747402
 16.9715591513557
 19.419861928039
 2.3133000196648
 27.0647327758903
 75.1278285914294
 6.08435946034323
 16.8076822018845
 5.35544609354729
 23.0225747187359
 8.96605186489268
 30.5350944139037
 14.921019844004
 0.588075204448536
 0.238492213673499
 7.30773624765448
 0.941755936211447
 12.439329430339
 5.63077613048221
 5.95937306553776
 0.971449228152433
 7.72706114810619
 1.83586623614807
 19.4441722485094
 8.93975410559647
 32.1995091822989
 8.05832507979888
 23.2507426331684
 6.83163151848163
 10.9159248484462
 3.01502706915569
 4.11488251692503
 14.1623518218175
 39.0667624785661
 1.15080702773398
 37.2797915025324
 6.55971077268663
 23.2516939251749
 16.2969221354753
 3.96096625940773
 3.41605665288797
 5.47535782418856
 0.283964221572657
 10.6010044821726
 4.43100692331628
 0.869192208903139
 5.6763224863831
 21.0099199412258
 2.11331947375719
 6.14738093626359
 5.52060393292915
 22.2143108568484
 4.8314157202426
 4.44730868604104
 1.88058111821885
 3.11535156018753
 3.6377276307893
 17.7913342195888
 1.83708517257368
 6.88817609923224
 2.55073987846945
 14.1644437788262
 12.7631176815705
 12.6246212954894
 3.38511339768081
 5.41995764002147
 22.2071044079569
 16.8397317526695
 0.227633157858805
 1.60678786195945
 2.1661750668701
 5.58525942047731
 10.3667807220169
 20.3922067831674
 0.213229345848696
 10.9607442995331
 1.67307210072964
 17.3944177928996
 3.38072894478066
 10.5870644693792
 0.401215774229413
 5.71141479576917
 4.2510772367679
 10.1718429962606
 6.68663366313765
 14.0260884699893
 4.60701672390445
 12.1249693461312
 2.79142410073243
 24.5034888123465
 3.47469718873186
 23.5373077156466
 2.07537025443331
 14.2560456104089
 2.47055782701153
 3.55602724503518
 18.7980683087747
 33.5943314791138
 0.645322815037552
 29.4247317353709
 1.83854842213917
 13.248230051177
 0.775798573887732
 13.4863733558203
 0.0758127028626122
 17.6709382129616
 12.1690938377257
 37.1566954124332
 9.63019271947365
 2.30428050124894
 4.20055645871125
 35.0629700896173
 8.45920092552301
 7.39645648953803
 4.27626460682872
 6.42729486175622
 1.64400080301013
 7.37582761285331
 2.41636688707913
 11.8043413666554
 2.50504767838705
 1.02856875934881
 5.6545018233119
 28.3242302833705
 3.73448594754694
 7.03208384373982
 6.50200631071989
 6.17994831710431
 3.83270027883571
 25.5009381174238
 9.05840521154608
 14.155901293037
 1.88486715154506
 43.1887750588504
 6.60880009729796
 21.4963210333598
 22.393163813049
 1.27758406917058
 0.602975746836877
 2.257410667177
 1.21136099810534
 9.23586437347929
 3.84622460113679
 4.92821554610746
 15.1021443033674
 63.9442040291684
 15.7578940052846
 14.7923309620712
 16.567672881404
 3.78068523984026
 5.51163382380674
 1.65825610535078
 6.15353292130401
 8.46720902786227
 3.30178737585182
 14.150647116108
 7.23298737792819
 11.3104325907532
 20.4289880807153
 48.4832619348135
 6.05812620416422
 4.00858024940011
 0.378476063323324
 12.0644660625521
 1.98322582336733
 1.73615913598731
 15.1445256911752
 51.1959853574269
 4.45288696566096
 5.49011756571705
 6.51066889991004
 53.2617210010473
 10.7248381642002
 16.8519497897662
 8.73122007565014
 23.3169431502251
 11.3614103410828
 21.715140678087
 13.1620802306566
 18.2828935102012
 14.1238334353231
 10.5004949359011
 14.0184084563743
 2.94523328461765
 9.80078404292225
 28.9050156842966
 8.95510151794814
 1.87428985322044
 3.70963692490792
 1.46457142426208
 1.02369138674313
 2.3262580771083
 3.21967267029415
 2.07816515551061
 7.9574592467257
 21.4857518111023
 1.68147459045095
 4.37385042507426
 2.60063041301241
 2.19905848839564
 1.96287250070305
 3.91692289804961
 12.1468308475566
 16.8533289456156
 19.4062762801028
 43.0583360737242
 17.3577828354033
 3.27460728476374
 0.627883818099698
 1.45863875098405
 21.8149489594419
 29.1559524817346
 0.320334846831151
 4.27878531924906
 5.38733524309226
 6.18140843093573
 8.62398595615453
 26.3445116928715
 0.240051396624853
 9.06809811177703
 16.9621692348692
 20.6256634858855
 13.9510922738219
 30.6701548146618
 1.37703839055685
 4.91500019362956
 27.1321000519213
 41.6604741367644
 5.92332958990492
 17.9651766725338
 5.19115939990918
 32.8631204947321
 6.57499900263761
 11.9826192293048
 5.94928293265002
 34.1867990713371
 0.0384768604697861
 38.3907927393691
 25.9840626448732
 2.84404852216133
 12.6032282730972
 19.9286418820661
 1.71674791488074
 10.4252787749002
 6.16878553373745
 27.5844113923604
 5.25887222173256
 59.7168182322294
 18.7690168996665
 2.83121142962373
 17.4279591089048
 27.9102313597831
 9.39468923284343
 41.1010342101764
 8.00015844522247
 28.8533531376744
 2.02899516520761
 21.8553120507904
 46.1988376647842
 31.3724189207574
 0.663172091171557
 10.8854696986242
 12.0911953484262
 57.3890680930916
 0.761599954254433
 30.6113715649781
 6.66008766526074
 41.9233436855673
 22.2535048991018
 18.8092349576344
 4.65316249616189
 7.99998260289982
 4.43158373382389
 15.6873269131512
 8.00999999999992
 26.5635493645312
 1.91639648068867
 4.50011927706616
 6.34891699060308
 22.181161871336
 7.84910840635387
 36.5454010524457
 7.14029210227304
 25.0050806136506
 16.1080944688305
 18.1047502079812
 9.46589959612205
 73.0562362381356
 4.53458585838823
 43.0010726010568
 31.8105890754868
 0.128325376308356
 15.2306224005085
 18.8868881154727
 23.0976757755895
 103.391766617798
 17.6591190898432
 22.4675418679497
 17.7946537952922
 14.5226847628393
 2.71305794047811
 8.90173493065693
 5.64742610937618
 51.8639982105351
 14.6012255389251
 1.7930254781632
 7.78066737885974
 42.5456242157965
 5.40428161233471
 15.974566517845
 12.3372175043444
 50.7938086335156
 17.8505035896808
 48.8130469065631
 27.1215499075726
 21.0469979836273
 20.3191378165552
 3.76373756134608
 15.0475741299428
 20.8261911417292
 9.15458495646918
 66.4732772927275
 21.0004492990496
 1.55770051905324
 2.71143680198151
 12.4776066994927
 3.02060961677977
 30.1419916494372
 7.08527484306731
 91.3648267387848
 45.3129933849286
 1.02577376377031
 6.20435707807016
 2.18124495398434
 12.4657313189812
 42.9896378467571
 8.21775215537263
 13.4695381354974
 14.2608153278348
 26.8721203711824
 8.90965257540071
 8.57622350037312
 4.30914743080278
 28.5442832171922
 9.32980187836006
 18.8770843839761
 1.72138308199233
 10.1850245038859
 18.5134889168825
 75.0204596734927
 18.9144907072288
 24.0586105066729
 52.2745079145446
 34.1778427054029
 9.00576706390457
 14.2118635604355
 12.1352359988072
 19.3105793327715
 5.38439673451046
 4.89132042826546
 3.96096741079013
 11.8397925886398
 13.3491605434899
 8.30105020795298
 23.131854974926
 31.3499170220969
 3.08049104635367
 8.78461898990419
 8.73208295395092
 62.6061193159517
 17.190815804996
 7.7741706567293
 9.57054192218361
 7.05370966267731
 2.42525794711286
 12.5226670602416
 3.20439391875848
 24.6909635575719
 7.17365256412396
 23.634427976815
 5.01903485920018
 17.6384706428824
 4.43754526444735
 6.67294073064372
 3.3810940293582
 12.3054314185164
 1.44958488517191
 3.93754744469203
 17.4970994432062
 8.20283015567944
 19.7843160556453
 37.5498969225034
 1.93949829155856
 36.2409446010184
 2.00798151104429
 9.41685624892309
 5.98276607927109
 28.5461170374837
 5.44621911643871
 28.6605253721908
 1.94581272556403
 37.2917101153428
 9.71900098150042
 51.0158235840923
 4.94701523076429
 28.3988136310888
 15.4247350643634
 10.0255194527674
 1.23070130968976
 18.7748820435103
 28.3893697355103
 48.48878004388
 3.14169111939416
 12.0095777900577
 6.03798002967821
 29.0662285971765
 9.97206060933788
 17.9955788372608
 12.8996544024959
 78.4592363128591
 20.7719648796138
 76.8552155819038
 123.880436526019
 47.084677440831
 4.65607370067258
 62.1669107719144
 12.0513425659433
 5.82948345665631
 1.01744478389392
 10.1244969749922
 2.97302260574416
 20.5886498353017
 2.30356342253482
 40.5781060472909
 1.29881521098384
 39.9948402821781
 14.8493278971182
 7.20941721720745
 0.470572880814589
 18.2234765268359
 0.625175096064961
 44.6794907757224
 13.7088654467487
 8.75370293988612
 12.7053924088743
 12.4346948607157
 6.76888124127893
 38.6096289121843
 2.07425860760661
 34.8544483759705
 2.36310406448577
 40.2078427521717
 27.7221264920398
 3.73563771213248
 1.37280424578738
 12.5689136616519
 1.00683335717848
 9.10703664635339
 6.1661104332884
 46.7883731767272
 12.293618183101
 18.2326597144917
 11.7648744350835
 13.4170885337258
 19.9059903547359
 2.9572795536822
 0.555358195541403
 0.36338986709705
 4.95396755392086
 21.8691015514938
 17.1239307670513
 4.87898120548139
 20.6630543181581
 32.6505515975124
 7.12202693241822
 22.5596024933931
 18.4909666332901
 84.7022786872159
 22.3060330341447
 9.21235122287139
 7.72416138671147
 0.451454754886671
 9.04065742894055
 21.1916636504944
 1.28746587443749
 39.6625858628131
 15.5874836364562
 11.20099291516
 17.6698780375128
 14.582646441189
 22.8187386093477
 18.3165067105644
 8.3027528633069
 26.2243753597266
 26.5028022376782
 73.5530331339132
 7.68135419699681
 58.8702451416137
 3.28810117098497
 85.2113413100642
 33.5156037143922
 10.5889989281059
 24.5534745844186
 32.3648541423184
 0.951758904593172
 52.4362506655587
 50.1246355661277
 15.1126732011767
 8.22059836059527
 26.1266782261593
 17.430548437026
 10.2639525187142
 1.24148096249226
 38.4083980287607
 34.8843198536573
 2.01209525912006
 8.47787873502853
 14.242297812372
 4.99063011056033
 6.05275522120175
 61.9462745625854
 55.8798973016011
 5.11443381374731
 12.1941399799935
 36.7872226070764
 52.3166630974648
 1.78454600214766
 7.87645719719865
 16.5608064976218
 24.7019717186955
 9.51546643552187
 51.7387390530754
 3.01043890898519
 33.4382723131976
 0.199932213454104
 35.3292293795075
 20.7739739150071
 16.8698834911907
 3.42688433673686
 42.1810365588111
 2.83338031203246
 23.3356246499787
 19.5673463712128
 20.1453540247432
 16.8597413251017
 4.00698514948746
 20.2132471221477
 18.0496945791152
 26.8796649621222
 104.470298374927
 20.4753619982632
 1.49436002427004
 18.1598897780543
 68.4778792587594
 18.3395860980955
 26.1651764771871
 1.5242040396
 19.4242716896382
 5.27810994790028
 25.6033567969818
 4.4063428337051
 4.11765712174367
 32.994134419388
 55.2621292914519
 1.16302195757302
 17.636622616222
 1.01709735460874
 21.7973560015719
 1.78025403100761
 23.3435778306823
 5.19744092008559
 63.1216854572597
 35.4884212467348
 1.96455848690295
 23.2805520918041
 20.9970346662064
 17.9394931993997
 60.3270524046512
 4.37177263585704
 22.5395878699485
 8.61525405185849
 44.2393134781274
 3.66078045572979
 68.3758656525021
 6.73527725237951
 35.3052294275456
 11.3693989314996
 36.0520258370064
 13.9270487792272
 46.2494227589891
 0.126700677379838
 57.0558877942624
 16.6899046193944
 29.6476826235371
 1.64032389835989
 61.3660203716649
 26.108439288176
 15.7442532766482
 7.81311347106694
 21.5273574335069
 2.24567791022245
 23.977764511152
 2.50406103999813
 24.33097881983
 38.4524342803921
 20.5284726232644
 7.28293708072587
 35.7421858658308
 2.07110868826064
 5.50544500913368
 27.0497593407408
 46.2988344054972
 8.25724129069582
 71.3554249112865
 4.59179713938474
 39.7779596664947
 4.60389984127647
 23.4808074603599
 0.362424354314686
 36.4874012301869
 7.38884231275366
 9.3865153486393
 1.7194086320164
 57.2429779488919
 32.5598794426915
 2.20466978823583
 3.47391334380027
 35.3500430945311
 25.8516468781924
 2.71877919347611
 35.854652273461
 22.6711852962301
 3.59803777381835
 13.7680396158966
 69.639213101184
 80.8781979537339
 3.90494915814928
 58.1810728797929
 3.41543095008686
 13.3307408367848
 16.4536516581544
 66.5819275988012
 12.3666857136638
 52.0946700418551
 66.0612298818775
 109.435399528484
 4.4482084528152
 45.9820286357336
 11.4838759067921
 7.94557297740123
 1.62883682044272
 7.99318027562821
 20.7346115062345
 80.5007374830307
 12.9106748345205
 36.1288470272802
 1.50798010608463
 36.4824479992427
 5.98417125735162
 10.8804165653831
 1.59974186546393
 37.0374780459619
 1.55858403073794
 41.2507060896924
 17.0829921380406
 9.45899329769223
 0.206504441360374
 48.3618778978856
 86.9048910779554
 51.7772266376915
 11.4818579611454
 64.3682572876938
 9.37290207135182
 5.42984500886939
 3.37298700098922
 55.5964333410223
 56.6189707821181
 25.666990246667
 16.6550389232805
 33.8407896682273
 4.96241646718364
 46.3389111235893
 71.4057830832795
 27.478320256508
 24.8684381168949
 53.8617455868342
 16.8157369384573
 130.000552960994
 22.4837631185177
 11.9566702460865
 19.5396535426376
 46.1418393795504
 0.096331203723393
 28.1529875785261
 1.3857675749235
 34.2357496058473
 0.545849544863445
 34.844155688953
 0.22509577398179
 33.2266920092173
 25.296371651436
 18.1871070361259
 67.9305308569486
 240.867663898391
 32.937739239853
 30.7966998497252
 9.00839009699765
 71.0620776293055
 65.2539043809771
 55.1579737313366
 3.64897377679836
 32.4656639202015
 13.8679968940951
 22.3510923456674
 3.18215767739605
 42.5294015444296
 19.1280283785351
 85.4642182084966
 12.6571476601056
 4.66223893627697
 22.1622574866926
 113.429583149425
 5.48796655273877
 59.0013287323738
 23.5291706021345
 88.5320823310673
 80.4725371160957
 32.994739407379
 16.5187910713449
 9.28302480055731
 7.78324564552317
 58.0451964042099
 14.6748287368274
 4.9212290425119
 26.0056473980259
 91.5157865494704
 22.5914858525534
 37.0835185165238
 0.149501965470338
 42.8739008151272
 7.39290453551622
 12.8456418454465
 23.8962215609188
 20.9921493561265
 15.7384535053253
 70.6848851132639
 4.09956338588693
 70.2100077890458
 83.5966007914995
 31.481828794721
 53.0376674840848
 166.173283805489
 14.2902198958718
 102.093628919972
 35.4316062576741
 11.3908007124947
 5.55023437669647
 16.1950774092647
 18.490649058606
 12.9783223861337
 0.428608930260594
 4.56841821828098
 97.0346300990526
 138.25638702651
 5.43304638489294
 167.422282695096
 52.4312299430124
 10.9560715742336
 9.7287757663038
 28.4974477791788
 27.7501720634402
 28.5564882220628
 22.434108193842
 142.265370493143
 104.932769482367
 116.233719137414
 35.2927122108963
 9.51085049971374
 95.9044212963809
 144.853960752832
 28.2160829914836
 168.896167877336
 36.3425250022906
 42.277074165784
 11.5716200810137
 7.26851383567722
 37.8378369405221
 99.28123606017
 18.5393888609577
 92.1901215862892
 14.6351526083514
 10.5166783346823
 14.4022432649445
 58.982650060705
 4.77543349270271
 62.2969666765344
 6.22116297224843
 147.196481232644
 20.9808239585006
 65.7889778085846
 20.1525080439995
 85.9636234868679
 20.2422692986659
 50.6159186527827
 29.413140098024
 22.5438748522478
 5.50357340839325
 63.0503929062515
 87.3281522258092
 19.6218940082847
 56.7894902051239
 83.7940106682811
 5.59592034216969
 48.358840005228
 46.2712716381827
 6.79191375751343
 9.96802617234176
 19.1356315943107
 18.2395889959895
 15.4959850595928
 16.2818302745404
 68.8948428628199
 12.1809062213644
 36.0426289997168
 10.2948433796
 16.8178377911036
 133.095712855591
 108.954627066685
 22.4242481186055
 108.222544521443
 2.01111021797928
 95.2341872113515
 12.1988451100675
 115.373185860474
 8.71822731515499
 84.583677644747
 45.5422949025018
 22.7294108948402
 4.44305602153747
 84.521926780223
 38.2902342010378
 10.7092850654454
 11.0456496701098
 104.305248860967
 42.3664490076835
 1.70465842334527
 14.5669503015478
 40.9799278835382
 20.0366153834668
 76.0042138903413
 20.8709823200832
 23.0092857104697
 32.8596280945192
 90.1322143433122
 8.99913569197494
 227.561747237641
 110.721723025849
 10.6332538649707
 21.5534384600913
 23.108526245962
 34.0408896983893
 157.552020653033
 81.9387450715235
 207.058140681359
 46.8859353661294
 26.4020157447737
 11.2600751499132
 47.1737042694693
 21.6023538381028
 23.1782206984875
 51.1362877983158
 90.8174819687781
 34.9752208598727
 93.5315790903102
 44.7459352947109
 112.478785258649
 5.39596079960957
 83.8003941187271
 53.5653130116847
 0.269550525650828
 14.6812290407696
 24.2637063322538
 11.3831459911969
 73.369752388364
 34.2971171972714
 115.903863267912
 27.5050708190033
 59.3106745584645
 16.0849053154333
 5.20018460559995
 23.2416545406675
 67.4944170489908
 0.522453925694091
 40.5536926690541
 43.9118908963849
 89.1009357337249
 13.1979103043137
 37.0821775655821
 73.0078888832626
 191.987936962549
 40.819980963364
 6.53147066726735
 71.7809291869335
 189.599504034085
 69.1200531870401
 147.009061641348
 18.1470122365375
 48.4566828014683
 9.61661662066076
 24.5368095598646
 45.4140314423389
 138.898864376628
 6.84598285413072
 66.5504267664651
 28.6644836999606
 29.8666413247527
 24.6778876633262
 188.10058114143
 57.4099486131202
 10.2833935242708
 1.35146723777496
 87.6143075125996
 74.4444515737684
 37.6686572726007
 2.04608313950959
 13.611580739583
 75.1752523516105
 130.848433036913
 2.19559918123168
 116.104731233826
 95.9040478468312
 22.7666590846516
 12.9511834929127
 11.3305694571681
 77.1269897442959
 138.291636921813
 33.3271855574311
 196.819884590224
 40.2341492798423
 35.2560245117419
 45.1270366259494
 206.910631613192
 55.2656194478027
 73.9362870095795
 10.8355479250675
 131.406198195974
 16.1368091400529
 118.629716481192
 9.64898216776195
 123.855688538638
 124.095870832123
 341.335933243797
 103.326972804565
 68.4782897899667
 30.8440111355681
 42.5663606228735
 28.7031825768052
 118.342139662044
 17.5486083218208
 55.5577861819348
 7.79162260669416
 178.609102423833
 48.6599054082575
 61.8591957511719
 16.6206291456322
 56.7730698529965
 62.0790562482291
 60.4901249536097
 11.4868188712001
 52.0727596489941
 2.296816539054
 64.2134834376477
 31.6164017266145
 188.086388653038
 18.3990709264172
 59.0137536085558
 19.0725551345916
 182.613512481621
 109.499828891396
 3.84673154241713
 19.9144397869544
 71.7809562417364
 57.2841153490038
 202.77878789762
 87.6063463657251
 115.358776271569
 27.900649771888
 13.1671252452327
 8.4785754005669
 99.4727041347759
 50.7496649990307
 20.9498127980677
 8.08713386021906
 65.0285680980467
 1.54024139835447
 9.20510810808535
 62.4111262603028
 173.214168240483
 9.83606151954599
 32.8481752106914
 72.4125053996503
 283.722870787443
 10.3216208440307
 159.149516783762
 58.3882210742467
 146.488304342484
 32.147632479731
 27.5512196188645
 6.60774111544815
 185.395372267766
 58.9543742236824
 23.1610335248073
 5.37057584913685
 90.3428177470712
 58.6412236506691
 15.914830793485
 20.8989912651579
 88.1711410673356
 177.755700559427
 303.014337910844
 78.0293007587394
 62.4963101417743
 6.9678550567349
 68.4946229903725
 94.3262458944032
 68.8063594571586
 169.961693945743
 185.417161840742
 18.8671805741787
 298.358411805682
 72.7377056042182
 63.0127919803651
 20.2309031266195
 214.352962218085
 22.5713952897751
 161.706491155593
 130.893207595842
 257.451505435737
 224.986141713061
 94.3440970173034
 87.1991881884791
 217.462447382799
 63.2948040626177
 86.4276647836851
 98.8901265313515
 120.527675453719
 100.779808656012
 55.5950391456103
 73.9461696631056
 95.3725125255836
 71.9577286333184
 112.303831924363
 6.89379715855008
 83.406563847853
 59.4782520548536
 19.8739882882624
 19.8133219634583
 38.3462066193109
 51.9292647974724
 84.754896133471
 14.9659664777353
 130.936136370569
 10.3706573763982
 58.7777705968957
 123.111964169333
 23.4865037574404
 170.965159238754
 281.110915826997
 15.4280627871386
 74.7318739691381
 47.815314748598
 157.922945695979
 18.978556055647
 6.06243509667905
 113.056961122641
 102.205349656488
 31.0517547058234
 83.6551485499688
 49.4510276493112
 142.880916323799
 167.5336489066
 339.945158055905
 8.88012025869034
 41.6343375111122
 43.3873272882758
 1.96493249663429
 656.933678437413
 1098.50315214406
 58.8656657310268
 262.216714556055
 0.16209703017109
 155.102243370404
 64.1487308869923
 586.190717352117
 111.924916143963
 359.919678505637
 17.286847910215
 160.258139190126
 20.5553470287708
 515.337005357821
 159.346325164921
 7.40079868377028
 62.530164158883
 330.745118306194
 66.3656330318819
 389.240820635141
 26.5675685452195
 592.576299586001
 115.424429497586
 288.656711257239
 219.361850273971
 22.7366440581388
 49.8957369566793
 354.688144366948
 46.1607353566074
 129.377668081246
 15.7995487025049
 94.2735166298212
 7.35837277240739
 478.096372372666
 244.244736468481
 32.6152315895049
 16.6507135066195
 268.285414678183
 54.056364291168
 372.583390439319
 79.7485185860177
 146.797840940743
 147.397985491043
 311.955744477443
 107.560745934748
 141.571388847581
 88.449406460129
 173.077492703841
 41.5353594195682
 111.52299246528
 4.55009223244355
 235.750109635594
 106.456950095322
 43.954672147237
 24.8974424568476
 152.892140652825
 4.04755667271832
 354.967699475737
 262.856429987999
 187.849582139265
 40.8489474069012
 83.2052818221606
 35.2153600167648
 255.979697294405
 76.5522007698494
 123.887959038901
 144.73864676658
 29.0932190428743
 54.8477089135026
 10.5970621680403
 46.3278936932568
 256.746877032012
 141.175906567256
 307.746213575693
 150.762251340593
 38.335633090479
 476.702820761229
 659.172684839647
 17.7027598695027
 234.140936396327
 28.0816219271874
 233.822785542125
 88.7495472726944
 231.322827400863
 219.878546621274
 368.871383351725
 142.072059187357
 239.102949097219
 313.471128768078
 432.10228763415
 406.337940382714
 98.7797367592605
 63.6666586422096
 137.041412535232
 169.072568479968
 136.235232567151
 44.3332134507851
 442.71735971079
 376.386475602278
 331.865484616429
 100.350241836162
 11.784819654437
 2.31252967048329
 25.8269434774264
 212.790424437402
 244.954030218253
 166.82521071655
 322.996691409936
 91.0890652022706
 717.663188730067
 391.610031360157
 218.401349083299
 28.7205383182596
 104.427052872186
 2.05692423517061
 100.278570050691
 27.6147274495468
 129.582600860766
 84.4082109773294
 578.291355177085
 231.916754691542
 143.284168902116
 139.291752010012
 195.634516252808
 18.9021926584563
 306.460474260089
 5.25173181506932
 231.072247540845
 37.0868225681258
 155.000836477984
 43.4237972540302
 793.539341479873
 664.47743167575
 556.953763467237
 9.48888780139985
 373.060436793814
 54.186585149867
 268.00998245065
 110.011864679814
 79.5631789660606
 33.7974819305716
 52.6548801935305
 15.1353514602576
 1.50185651731586
 386.984226974875
 1011.22220607298
 196.875609819379
 296.438015212865
 94.9435185766425
 230.066902846154
 34.9048103036947
 793.233683508945
 431.306589563869
 54.043134693392
 30.4062698999242
 363.07912271179
 60.8879152509894
 117.164011783135
 96.6513818808837
 600.794556542852
 206.726644713964
 135.8850586148
 192.284518154121
 19.8504942026979
 321.447625583344
 1070.31213897047
 307.083058894366
 127.780225844571
 171.403027460393
 51.2830491128284
 0.294117502680103
 113.70909462927
 99.2131121931823
 636.912046319221
 854.026576019824
 584.024383442609
 169.992064243238
 37.5996610063474
 104.258704182753
 142.238237431522
 260.895695100239
 307.721850580245
 24.1047775444006
 360.970223322846
 73.4907177752055
 110.807000177825
 57.1963202801043
 42.9684279738953
 341.185643941416
 740.932987454891
 13.1540656547312
 170.03419148385
 67.7876316281906
 462.629324987385
 302.955625306087
 502.84324507777
 26.5203453501111
 340.00857660411
 169.535279224357
 997.813154947681
 21.589906025549
 1270.04569286025
 179.971800080928
 411.019767380523
 47.5203435011483
 907.613469317239
 419.749849631771
 30.4381502786636
 22.9182928209197
 586.308814027296
 50.9313242867834
 569.785752724932
 283.29978298641
 268.422032317062
 107.805365691117
 468.247318544783
 861.377096978275
 527.479856110921
 15.6710846468183
 454.567754083677
 23.891510736501
 1074.55762685671
 396.628231981028
 180.577353681165
 57.5908239987025
 447.871087538132
 215.994545284025
 908.750282932983
 276.768295266458
 85.2604457709317
 15.0319646613034
 657.493751750315
 812.628232837743
 476.833568255518
 161.476846072324
 1027.48185805261
 269.654518415894
 229.475534276982
 85.0430159065362
 767.899864696589
 61.0954281408106
 866.434472702683
 118.637780346888
 302.550352917307
 393.217483604538
 2241.57608824537
 748.922256667936
 281.756421274805
 263.240456131234
 226.377203661786
 144.688707946982
 107.297060902968
 80.8093515444522
 295.299128928361
 18.6930916076477
 246.332520358018
 312.281323196606
 2059.5037067314
 625.472162918187
 533.951549529377
 358.1092053552
 251.21046142325
 375.703976559628
 248.868604402598
 601.658210064204
 152.479704944162
 71.7757391155039
 127.064396909323
 525.171037327213
 519.372611230206
 440.759957839688
 1334.33507406797
 194.557715462397
 139.977015820695
 458.12023998867
 912.621482525123
 50.1584441415211
 899.153158314346
 135.938114695689
 2232.1465450834
 565.27753210341
 428.344195806149
 343.765808037218
 31.5415698251318
 98.885597613036
 1097.45304929622
 528.331390569619
 92.6419848124475
 1262.35427982644
 3163.10165886713
 283.553309869546
 1160.69179644592
 382.83825673174
 770.618618936401
 1216.31586005204
 613.491581846093
 435.106003759896
 415.760122547974
 70.9157380953429
 1052.24740452529
 203.987536606617
 1195.34378801831
 673.277269015946
 464.054672571237
 452.413475454457
 323.966766554623
 122.249760038455
 255.34263223405
 558.093061171884
 519.978583457749
 566.833355988744
 2108.33638952681
 1010.38326453136
 505.35085212027
 30.760541236199
 410.315519105393
 923.779010685541
 2189.18862541114
 313.5612904924
 670.776824782121
 2063.34900565787
 748.808458213488
 2152.48630179393
 3585.13394151682
 217.705023306923
 1253.50655489652
 310.948522528743
 2000.95536064785
 687.472427535826
 6778.69998988559
 3067.49109287634
 693.857913045573
 1279.92935309633
 5725.30888985844
 210.919536726722
 2446.2412564122
 86.3151139120601
 5825.34040319541
 2699.98625413468
 3104.49017055193
 16525.234214981
 8774.50454684102
 1454.05900623638
 8234.77186995669
 259.326475104216
 10420.8143890599
 3787.42476735406
 1283.97621964267
 559.829902593149
 3599.39410154367
 6495.92143182758
 2055.30638470722
 969.728174789617
 2118.85430461354
 1760.26329282344
 738.274080922926
 390.739172887641
 967.084264867618
 4.53749244661591
 114.671615565319
 4746.50957114632
 8365.51391471087
 2364.63252479876
 1573.45619815891
 1615.52549810452
 7115.02802530951
 22.001500439043
 4532.4194615173
 352.743765272334
 3024.86869836679
 1496.9436599598
 5976.283949552
 2230.6493335398
 258.965140264254
 2225.38090613359
 7345.7311235686
 575.585008193994
 3252.72869239111
 105.975466002319
 2357.39831271254
 483.674838172041
 5233.1666832025
 422.645708732858
 4283.70452981941
 601.158429678591
 6139.63095686712
 1090.08990986774
 12541.3205249196
 142.570740224456
 8719.32484974355
 2497.40128869502
 12621.0560968576
 1923.11915659481
 7814.7451355801
 1652.05209310658
 2848.21584333507
 599.236548137511
 10339.3914355829
 161.388214686767
 7188.25049915867
 64.9376195637116
 7729.40711248597
 556.513180677114
 15782.8377821848
 867.032247545309
 4638.12819952529
 3091.84757143809
 23106.7561354401
 862.334519075988
 22436.2563284845
 1876.86475743087
 31729.4632664146
 1056.52776866363
 25635.4934391783
 4479.13570260959
 26707.2772223436
 1093.77530376738
 44981.895808239
 612.535981028244
 46535.9264325724
 2571.08194002058
 34207.2007145788
 3967.53604930207
 74360.4149495898
 2027.68504086002
 89056.5716883444
 2398.51843428428
 106279.193947926
 2675.3378514141
 134653.388407188
 2392.46096835971
 219900.989567611
 184.013282537998
 472183.990177581
 1057.33779110438
 1413286.43246837
 3798.89942940133
 12888710.9628866
